(32, 174)
(102, 52)
(56, 76)
(142, 52)
(56, 76)
(55, 32)
(22, 56)
(23, 17)
(47, 69)
(92, 70)
(82, 64)
(31, 79)
(68, 61)
(19, 76)
(50, 41)
(56, 76)
(47, 42)
(56, 76)
(20, 18)
(56, 76)
(34, 21)
(66, 17)
(70, 179)
(70, 57)
(87, 66)
(26, 52)
(56, 76)
(56, 76)
(22, 29)
(56, 76)
(71, 64)
(24, 54)
(17, 91)
(56, 76)
(56, 76)
(21, 44)
(56, 76)
(17, 59)
(48, 60)
(21, 30)
(56, 76)
(17, 82)
(18, 37)
(29, 67)
(56, 76)
(31, 29)
(17, 58)
(26, 43)
(60, 67)
(56, 76)
(56, 76)
(69, 62)
(22, 93)
(26, 51)
(19, 119)
(17, 38)
(56, 76)
(57, 28)
(17, 33)
(49, 65)
(49, 62)
(56, 76)
(41, 37)
(24, 35)
(19, 38)
(24, 31)
(56, 76)
(56, 76)
(41, 63)
(89, 66)
(126, 139)
(56, 76)
(45, 49)
(26, 90)
(96, 72)
(90, 70)
(37, 49)
(24, 76)
(28, 50)
(130, 40)
(175, 172)
(56, 76)
(27, 85)
(88, 65)
(56, 76)
(102, 73)
(53, 40)
(56, 76)
(47, 59)
(56, 76)
(54, 71)
(61, 25)
(42, 39)
(73, 66)
(67, 60)
(56, 76)
(56, 76)
(37, 17)
(28, 24)
(49, 62)
(34, 22)
(56, 76)
(101, 67)
(56, 76)
(56, 31)
(17, 46)
(49, 59)
(128, 27)
(53, 63)
(21, 169)
(56, 76)
(80, 67)
(25, 120)
(39, 45)
(53, 57)
(19, 36)
(32, 57)
(50, 45)
(101, 73)
(18, 52)
(29, 95)
(133, 24)
(129, 37)
(33, 62)
(32, 26)
(28, 25)
(53, 63)
(45, 61)
(52, 61)
(63, 17)
(29, 92)
(56, 76)
(64, 59)
(41, 19)
(24, 56)
(73, 65)
(56, 76)
(163, 22)
(84, 71)
(24, 27)
(17, 115)
(44, 27)
(31, 38)
(56, 76)
(38, 22)
(49, 114)
(25, 69)
(69, 61)
(91, 62)
(56, 76)
(87, 72)
(48, 36)
(56, 76)
(17, 165)
(63, 24)
(100, 76)
(67, 63)
(17, 25)
(54, 67)
(56, 76)
(56, 76)
(29, 87)
(56, 76)
(19, 161)
(23, 71)
(73, 66)
(56, 76)
(56, 76)
(17, 43)
(28, 66)
(21, 76)
(45, 19)
(18, 30)
(95, 73)
(35, 21)
(51, 55)
(35, 46)
(65, 59)
(26, 27)
(19, 78)
(56, 76)
(73, 66)
(56, 76)
(65, 59)
(17, 44)
(56, 76)
(56, 76)
(63, 17)
(59, 23)
(56, 76)
(63, 65)
(21, 75)
(56, 76)
(28, 148)
(56, 76)
(56, 76)
(56, 76)
(56, 76)
(55, 19)
(46, 68)
(72, 65)
(56, 76)
(72, 65)
(70, 62)
(21, 24)
(85, 70)
(41, 41)
(93, 70)
(47, 25)
(63, 58)
(56, 76)
(56, 76)
(56, 76)
(56, 76)
(56, 21)
(32, 75)
(73, 66)
(35, 179)
(36, 17)
(29, 76)
(131, 29)
(91, 70)
(53, 66)
(56, 76)
(42, 26)
(36, 21)
(56, 176)
(24, 68)
(56, 76)
(32, 25)
(165, 17)
(45, 68)
(56, 76)
(49, 19)
(56, 76)
(72, 66)
(56, 76)
(19, 35)
(91, 63)
(56, 76)
(46, 37)
(36, 17)
(42, 111)
(63, 58)
(19, 174)
(98, 55)
(32, 63)
(56, 76)
(90, 67)
(42, 19)
(26, 74)
(24, 21)
(28, 25)
(72, 65)
(56, 76)
(44, 53)
(56, 76)
(35, 22)
(98, 72)
(36, 55)
(99, 72)
(68, 59)
(56, 76)
(24, 28)
(65, 59)
(65, 58)
(95, 62)
(64, 58)
(62, 18)
(56, 76)
(71, 64)
(64, 58)
(31, 67)
(50, 19)
(101, 69)
(27, 47)
(19, 42)
(56, 76)
(40, 38)
(19, 58)
(20, 82)
(29, 52)
(56, 76)
(100, 69)
(90, 71)
(19, 53)
(104, 79)
(56, 76)
(56, 76)
(79, 118)
(84, 69)
(78, 68)
(32, 54)
(23, 47)
(56, 76)
(56, 76)
(31, 49)
(56, 76)
(89, 65)
(48, 28)
(70, 63)
(56, 76)
(56, 76)
(56, 76)
(89, 70)
(67, 60)
(19, 56)
(19, 75)
(35, 25)
(104, 77)
(31, 31)
(20, 78)
(100, 63)
(121, 32)
(70, 62)
(20, 26)
(30, 25)
(17, 87)
(51, 17)
(56, 76)
(73, 62)
(71, 64)
(38, 21)
(18, 18)
(92, 68)
(56, 76)
(25, 64)
(70, 63)
(17, 117)
(55, 145)
(81, 69)
(56, 76)
(56, 76)
(74, 167)
(30, 49)
(72, 65)
(56, 76)
(56, 76)
(51, 19)
(56, 76)
(17, 39)
(56, 76)
(21, 33)
(19, 23)
(24, 37)
(56, 76)
(19, 88)
(56, 76)
(56, 76)
(22, 40)
(32, 109)
(56, 76)
(40, 58)
(58, 64)
(24, 53)
(72, 66)
(45, 35)
(26, 73)
(62, 22)
(56, 76)
(145, 153)
(63, 58)
(55, 66)
(34, 183)
(70, 166)
(56, 76)
(65, 59)
(100, 77)
(28, 61)
(35, 22)
(45, 66)
(23, 23)
(64, 17)
(56, 76)
(40, 127)
(25, 53)
(33, 68)
(56, 76)
(122, 51)
(56, 76)
(48, 30)
(32, 67)
(20, 99)
(56, 76)
(56, 76)
(33, 72)
(67, 60)
(83, 66)
(56, 76)
(63, 58)
(52, 28)
(18, 84)
(41, 50)
(17, 29)
(56, 76)
(56, 76)
(100, 63)
(56, 76)
(25, 57)
(32, 35)
(25, 49)
(47, 43)
(63, 58)
(72, 65)
(56, 76)
(89, 67)
(54, 68)
(88, 68)
(34, 17)
(22, 180)
(47, 59)
(56, 76)
(26, 52)
(17, 67)
(54, 72)
(73, 66)
(19, 97)
(45, 29)
(56, 76)
(18, 46)
(61, 20)
(56, 76)
(37, 42)
(56, 76)
(94, 67)
(17, 93)
(90, 63)
(69, 62)
(56, 76)
(22, 55)
(62, 21)
(82, 63)
(64, 58)
(45, 22)
(24, 54)
(26, 21)
(56, 24)
(56, 76)
(18, 37)
(46, 164)
(20, 33)
(56, 76)
(56, 76)
(56, 76)
(56, 76)
(26, 21)
(67, 18)
(19, 27)
(21, 183)
(18, 33)
(152, 58)
(45, 38)
(113, 42)
(32, 91)
(34, 148)
(24, 26)
(56, 76)
(80, 68)
(21, 60)
(41, 17)
(56, 73)
(50, 48)
(43, 180)
(52, 67)
(97, 163)
(56, 76)
(57, 17)
(21, 182)
(28, 65)
(86, 68)
(56, 76)
(29, 165)
(61, 65)
(63, 58)
(82, 171)
(71, 57)
(43, 62)
(56, 76)
(56, 76)
(56, 76)
(56, 76)
(199, 178)
(47, 19)
(21, 79)
(70, 111)
(19, 32)
(31, 68)
(56, 76)
(56, 76)
(104, 79)
(23, 73)
(56, 76)
(95, 124)
(72, 65)
(66, 59)
(92, 70)
(63, 58)
(117, 45)
(91, 62)
(98, 70)
(90, 125)
(56, 76)
(26, 17)
(56, 76)
(47, 21)
(56, 76)
(90, 125)
(56, 76)
(52, 71)
(42, 38)
(63, 58)
(18, 72)
(31, 58)
(194, 179)
(53, 61)
(56, 76)
(48, 25)
(71, 64)
(17, 175)
(63, 18)
(45, 17)
(117, 37)
(49, 116)
(20, 51)
(44, 104)
(101, 70)
(17, 79)
(69, 62)
(35, 51)
(44, 19)
(43, 34)
(23, 17)
(21, 42)
(56, 76)
(17, 51)
(24, 92)
(53, 68)
(101, 70)
(101, 70)
(31, 64)
(66, 20)
(56, 76)
(56, 76)
(69, 18)
(102, 73)
(56, 76)
(56, 76)
(22, 76)
(56, 76)
(50, 20)
(31, 178)
(30, 122)
(19, 84)
(84, 65)
(56, 76)
(24, 60)
(56, 76)
(63, 59)
(68, 61)
(59, 17)
(17, 66)
(56, 25)
(56, 76)
(29, 81)
(42, 48)
(56, 76)
(18, 59)
(56, 76)
(82, 66)
(91, 64)
(70, 63)
(19, 51)
(120, 57)
(56, 76)
(56, 76)
(40, 130)
(19, 31)
(68, 174)
(58, 20)
(24, 28)
(28, 50)
(26, 79)
(18, 138)
(42, 170)
(47, 27)
(96, 132)
(56, 76)
(33, 61)
(41, 21)
(46, 23)
(110, 153)
(102, 51)
(20, 37)
(56, 76)
(56, 76)
(62, 178)
(56, 76)
(46, 29)
(48, 20)
(66, 59)
(17, 158)
(68, 61)
(31, 115)
(56, 76)
(20, 26)
(54, 25)
(23, 57)
(50, 53)
(69, 62)
(56, 76)
(17, 62)
(40, 36)
(47, 19)
(23, 28)
(24, 56)
(63, 20)
(73, 66)
(66, 63)
(56, 76)
(24, 28)
(17, 18)
(117, 167)
(40, 61)
(99, 68)
(17, 36)
(91, 66)
(27, 61)
(56, 76)
(48, 22)
(56, 76)
(49, 38)
(56, 76)
(69, 62)
(21, 17)
(17, 55)
(99, 60)
(51, 27)
(42, 46)
(69, 58)
(24, 23)
(98, 61)
(48, 41)
(71, 58)
(26, 37)
(34, 24)
(56, 76)
(134, 162)
(39, 62)
(26, 52)
(21, 42)
(25, 26)
(27, 50)
(56, 76)
(56, 76)
(20, 126)
(73, 64)
(56, 76)
(91, 65)
(53, 71)
(27, 50)
(59, 21)
(51, 61)
(29, 70)
(22, 137)
(56, 76)
(19, 153)
(20, 31)
(56, 76)
(30, 39)
(17, 82)
(44, 27)
(70, 63)
(29, 49)
(54, 20)
(27, 172)
(35, 22)
(56, 76)
(56, 76)
(56, 76)
(29, 47)
(56, 76)
(56, 76)
(20, 58)
(56, 76)
(42, 45)
(90, 64)
(49, 68)
(62, 63)
(22, 28)
(39, 176)
(35, 22)
(72, 55)
(19, 77)
(31, 32)
(33, 51)
(56, 76)
(52, 67)
(32, 22)
(56, 76)
(56, 76)
(53, 32)
(56, 76)
(24, 54)
(18, 35)
(63, 168)
(156, 152)
(51, 41)
(34, 54)
(51, 21)
(110, 43)
(32, 73)
(48, 59)
(76, 59)
(21, 67)
(40, 113)
(84, 151)
(56, 76)
(38, 32)
(56, 76)
(56, 76)
(53, 71)
(56, 76)
(86, 120)
(22, 52)
(36, 64)
(56, 76)
(56, 76)
(22, 18)
(113, 132)
(56, 76)
(41, 51)
(22, 130)
(30, 62)
(19, 115)
(100, 62)
(56, 76)
(56, 76)
(56, 76)
(82, 64)
(56, 69)
(56, 76)
(56, 76)
(115, 135)
(48, 26)
(95, 68)
(18, 90)
(25, 53)
(56, 76)
(87, 72)
(65, 21)
(70, 63)
(56, 76)
(44, 20)
(20, 17)
(64, 17)
(20, 56)
(64, 59)
(21, 55)
(67, 60)
(56, 76)
(56, 76)
(61, 66)
(17, 40)
(56, 76)
(56, 76)
(40, 51)
(56, 76)
(56, 76)
(33, 59)
(17, 17)
(56, 76)
(56, 76)
(27, 53)
(56, 76)
(50, 58)
(56, 76)
(72, 65)
(56, 76)
(28, 50)
(56, 76)
(55, 170)
(24, 87)
(28, 148)
(44, 62)
(22, 33)
(48, 164)
(49, 26)
(56, 76)
(50, 58)
(25, 67)
(56, 76)
(54, 153)
(56, 28)
(52, 55)
(65, 59)
(96, 57)
(17, 20)
(37, 54)
(144, 144)
(30, 25)
(78, 62)
(63, 58)
(56, 76)
(28, 32)
(18, 25)
(36, 131)
(47, 20)
(17, 75)
(18, 87)
(39, 56)
(56, 76)
(56, 76)
(30, 37)
(33, 62)
(53, 59)
(56, 76)
(56, 76)
(99, 169)
(47, 65)
(104, 77)
(35, 22)
(56, 76)
(40, 41)
(19, 53)
(70, 17)
(23, 34)
(104, 134)
(73, 66)
(56, 76)
(31, 68)
(29, 75)
(56, 76)
(32, 68)
(56, 76)
(53, 24)
(63, 58)
(43, 53)
(17, 53)
(21, 19)
(90, 64)
(56, 76)
(24, 19)
(24, 160)
(71, 63)
(18, 63)
(21, 82)
(19, 37)
(63, 58)
(18, 32)
(100, 74)
(18, 95)
(56, 76)
(64, 18)
(91, 68)
(90, 65)
(17, 37)
(56, 76)
(33, 46)
(27, 18)
(34, 160)
(45, 19)
(70, 60)
(225, 182)
(71, 64)
(56, 76)
(20, 150)
(56, 76)
(46, 49)
(56, 76)
(56, 76)
(56, 76)
(18, 36)
(18, 76)
(36, 38)
(56, 76)
(23, 33)
(64, 22)
(26, 52)
(56, 76)
(41, 58)
(52, 71)
(48, 30)
(56, 76)
(32, 61)
(41, 18)
(85, 67)
(119, 58)
(19, 130)
(23, 66)
(73, 66)
(56, 76)
(38, 22)
(19, 103)
(23, 34)
(42, 19)
(56, 76)
(56, 76)
(17, 45)
(49, 65)
(74, 56)
(56, 76)
(71, 64)
(20, 153)
(30, 68)
(17, 70)
(20, 39)
(22, 176)
(56, 167)
(101, 72)
(26, 52)
(17, 34)
(20, 61)
(72, 65)
(66, 60)
(30, 52)
(24, 137)
(17, 88)
(56, 76)
(56, 76)
(73, 66)
(38, 24)
(27, 126)
(18, 128)
(22, 29)
(71, 60)
(56, 76)
(24, 54)
(45, 27)
(45, 36)
(29, 17)
(81, 179)
(56, 76)
(56, 76)
(32, 74)
(21, 43)
(53, 18)
(98, 76)
(20, 31)
(56, 76)
(33, 81)
(69, 177)
(17, 168)
(109, 154)
(43, 25)
(56, 76)
(56, 76)
(41, 173)
(84, 70)
(17, 180)
(20, 159)
(71, 64)
(18, 49)
(56, 76)
(79, 64)
(44, 40)
(56, 76)
(56, 76)
(56, 76)
(22, 48)
(56, 76)
(31, 116)
(97, 60)
(21, 105)
(71, 61)
(56, 76)
(37, 20)
(64, 58)
(44, 19)
(73, 66)
(102, 72)
(63, 58)
(30, 68)
(25, 27)
(23, 28)
(51, 54)
(56, 76)
(17, 67)
(23, 28)
(73, 66)
(56, 76)
(56, 76)
(56, 76)
(69, 55)
(56, 76)
(47, 22)
(56, 76)
(43, 67)
(70, 63)
(18, 108)
(53, 68)
(35, 99)
(27, 69)
(43, 48)
(32, 23)
(20, 24)
(33, 70)
(63, 58)
(17, 123)
(56, 76)
(37, 34)
(56, 76)
(126, 31)
(94, 173)
(25, 23)
(49, 183)
(88, 65)
(67, 55)
(43, 46)
(72, 61)
(64, 58)
(21, 37)
(26, 29)
(56, 76)
(31, 56)
(56, 76)
(26, 72)
(56, 76)
(18, 23)
(48, 21)
(101, 69)
(56, 76)
(26, 46)
(29, 56)
(30, 25)
(67, 60)
(41, 33)
(56, 76)
(18, 68)
(27, 61)
(40, 37)
(90, 67)
(23, 25)
(53, 49)
(63, 58)
(19, 88)
(18, 55)
(56, 76)
(95, 133)
(56, 23)
(56, 76)
(56, 76)
(99, 54)
(51, 135)
(50, 36)
(100, 73)
(58, 22)
(28, 46)
(50, 38)
(26, 65)
(73, 115)
(91, 64)
(65, 59)
(72, 66)
(53, 19)
(56, 76)
(56, 76)
(56, 76)
(26, 70)
(72, 55)
(21, 36)
(56, 76)
(72, 65)
(38, 38)
(56, 76)
(72, 64)
(56, 76)
(20, 109)
(38, 22)
(71, 54)
(48, 34)
(17, 146)
(51, 60)
(137, 167)
(64, 58)
(68, 17)
(103, 77)
(63, 58)
(44, 19)
(69, 61)
(28, 25)
(56, 76)
(73, 66)
(17, 67)
(91, 63)
(69, 60)
(56, 76)
(27, 25)
(56, 76)
(56, 76)
(56, 76)
(72, 65)
(56, 76)
(71, 63)
(27, 45)
(47, 49)
(73, 66)
(196, 179)
(22, 88)
(31, 30)
(45, 28)
(17, 74)
(29, 75)
(41, 19)
(68, 61)
(56, 76)
(63, 58)
(56, 76)
(21, 29)
(56, 76)
(56, 76)
(56, 76)
(56, 76)
(56, 76)
(65, 63)
(144, 149)
(27, 21)
(56, 76)
(22, 173)
(27, 68)
(49, 22)
(72, 57)
(27, 74)
(61, 60)
(27, 69)
(50, 38)
(56, 76)
(40, 32)
(18, 27)
(56, 76)
(72, 66)
(56, 76)
(172, 158)
(55, 67)
(69, 62)
(56, 76)
(136, 169)
(86, 71)
(21, 55)
(72, 65)
(17, 35)
(91, 69)
(32, 183)
(68, 17)
(68, 54)
(29, 85)
(45, 22)
(70, 62)
(47, 22)
(55, 19)
(56, 76)
(47, 38)
(121, 58)
(25, 53)
(17, 28)
(29, 29)
(21, 63)
(100, 78)
(41, 64)
(54, 24)
(91, 62)
(30, 88)
(27, 69)
(82, 68)
(56, 76)
(73, 62)
(56, 76)
(56, 76)
(29, 72)
(74, 140)
(31, 63)
(55, 28)
(46, 171)
(23, 28)
(96, 76)
(91, 64)
(63, 19)
(18, 179)
(92, 66)
(37, 30)
(17, 73)
(84, 151)
(56, 76)
(40, 135)
(56, 76)
(20, 72)
(52, 34)
(30, 61)
(43, 20)
(18, 168)
(98, 75)
(40, 106)
(74, 114)
(36, 25)
(62, 17)
(30, 54)
(92, 62)
(33, 25)
(68, 17)
(17, 130)
(64, 58)
(98, 149)
(120, 139)
(56, 76)
(56, 76)
(101, 53)
(25, 68)
(47, 26)
(103, 79)
(131, 148)
(56, 76)
(28, 181)
(167, 183)
(60, 183)
(45, 24)
(71, 66)
(36, 47)
(73, 58)
(56, 76)
(122, 57)
(56, 76)
(49, 45)
(30, 46)
(17, 37)
(17, 23)
(71, 117)
(90, 129)
(24, 76)
(61, 145)
(17, 55)
(44, 66)
(17, 162)
(89, 158)
(24, 17)
(20, 85)
(64, 161)
(18, 109)
(166, 81)
(30, 74)
(97, 76)
(27, 17)
(65, 59)
(21, 28)
(89, 64)
(56, 19)
(56, 76)
(66, 58)
(55, 106)
(72, 65)
(85, 177)
(18, 179)
(64, 63)
(25, 85)
(99, 61)
(56, 76)
(67, 60)
(56, 76)
(56, 76)
(25, 22)
(53, 47)
(90, 63)
(104, 77)
(77, 59)
(19, 35)
(17, 126)
(42, 28)
(17, 27)
(29, 21)
(48, 183)
(24, 55)
(65, 59)
(17, 147)
(28, 101)
(77, 66)
(19, 20)
(47, 19)
(113, 40)
(110, 134)
(45, 66)
(56, 76)
(17, 69)
(56, 76)
(103, 78)
(99, 59)
(34, 41)
(41, 54)
(68, 63)
(94, 70)
(42, 19)
(24, 53)
(49, 50)
(53, 37)
(56, 76)
(58, 29)
(56, 76)
(56, 76)
(72, 66)
(38, 131)
(26, 18)
(18, 80)
(86, 68)
(18, 36)
(56, 76)
(26, 52)
(53, 17)
(17, 48)
(123, 51)
(23, 17)
(69, 65)
(65, 59)
(26, 49)
(47, 34)
(35, 136)
(17, 30)
(30, 84)
(56, 76)
(56, 17)
(52, 147)
(33, 25)
(24, 17)
(56, 76)
(56, 76)
(21, 43)
(33, 44)
(50, 42)
(120, 47)
(31, 65)
(30, 27)
(69, 65)
(32, 133)
(56, 76)
(51, 50)
(71, 64)
(47, 19)
(105, 80)
(18, 96)
(22, 61)
(18, 20)
(22, 68)
(56, 76)
(53, 30)
(63, 58)
(50, 41)
(56, 76)
(18, 52)
(64, 58)
(26, 17)
(63, 24)
(18, 80)
(98, 70)
(69, 62)
(56, 76)
(44, 19)
(18, 69)
(23, 57)
(29, 77)
(37, 35)
(23, 37)
(32, 62)
(67, 60)
(73, 66)
(30, 65)
(48, 27)
(72, 65)
(30, 32)
(57, 174)
(38, 41)
(90, 69)
(68, 61)
(90, 68)
(38, 46)
(55, 68)
(44, 102)
(56, 76)
(56, 76)
(30, 45)
(34, 22)
(56, 76)
(22, 56)
(19, 53)
(29, 71)
(60, 18)
(37, 171)
(70, 58)
(50, 49)
(71, 64)
(42, 40)
(43, 62)
(88, 65)
(56, 76)
(18, 90)
(91, 68)
(56, 76)
(62, 60)
(56, 76)
(39, 30)
(66, 19)
(36, 179)
(37, 18)
(26, 129)
(56, 76)
(99, 72)
(47, 19)
(56, 76)
(56, 76)
(63, 58)
(73, 66)
(99, 71)
(64, 59)
(58, 68)
(21, 28)
(56, 76)
(63, 17)
(34, 49)
(56, 76)
(55, 20)
(56, 76)
(102, 132)
(51, 147)
(68, 61)
(23, 39)
(27, 67)
(19, 77)
(56, 76)
(92, 67)
(54, 28)
(64, 22)
(18, 92)
(56, 76)
(69, 61)
(17, 79)
(90, 68)
(101, 76)
(90, 68)
(50, 64)
(36, 51)
(19, 18)
(92, 65)
(20, 54)
(46, 57)
(55, 27)
(56, 76)
(28, 63)
(59, 62)
(20, 33)
(36, 47)
(20, 31)
(17, 35)
(56, 76)
(17, 35)
(23, 22)
(56, 76)
(135, 145)
(133, 35)
(21, 41)
(57, 70)
(79, 68)
(23, 88)
(167, 183)
(67, 173)
(27, 25)
(51, 50)
(26, 69)
(51, 126)
(30, 141)
(40, 180)
(46, 167)
(56, 76)
(24, 34)
(27, 51)
(44, 127)
(22, 78)
(59, 158)
(120, 133)
(17, 54)
(56, 76)
(51, 166)
(36, 46)
(32, 20)
(52, 24)
(58, 65)
(19, 146)
(222, 179)
(19, 70)
(169, 158)
(29, 68)
(21, 22)
(116, 43)
(73, 115)
(17, 40)
(38, 108)
(27, 65)
(22, 100)
(39, 57)
(28, 107)
(73, 56)
(69, 62)
(161, 38)
(95, 68)
(30, 71)
(78, 67)
(26, 26)
(50, 69)
(27, 166)
(34, 40)
(35, 106)
(56, 76)
(69, 62)
(96, 76)
(45, 38)
(42, 60)
(65, 20)
(21, 27)
(35, 21)
(84, 66)
(69, 17)
(40, 64)
(51, 64)
(25, 164)
(66, 59)
(56, 76)
(92, 68)
(62, 63)
(18, 85)
(22, 36)
(19, 39)
(56, 76)
(56, 76)
(71, 64)
(25, 67)
(33, 64)
(64, 21)
(56, 76)
(21, 111)
(189, 182)
(61, 19)
(66, 59)
(76, 119)
(17, 176)
(56, 76)
(33, 55)
(98, 70)
(58, 28)
(70, 63)
(73, 66)
(56, 76)
(56, 76)
(47, 17)
(22, 22)
(144, 57)
(64, 58)
(17, 24)
(68, 61)
(60, 124)
(69, 62)
(18, 61)
(171, 23)
(89, 70)
(23, 38)
(66, 59)
(69, 52)
(96, 63)
(24, 54)
(71, 64)
(56, 76)
(68, 61)
(42, 67)
(28, 170)
(17, 71)
(91, 64)
(20, 36)
(24, 54)
(32, 73)
(56, 76)
(53, 62)
(29, 66)
(56, 76)
(60, 65)
(18, 39)
(46, 59)
(31, 29)
(41, 49)
(28, 25)
(20, 65)
(56, 76)
(59, 20)
(28, 70)
(64, 18)
(23, 56)
(56, 76)
(56, 76)
(41, 46)
(22, 75)
(50, 49)
(135, 21)
(91, 66)
(44, 21)
(56, 76)
(35, 22)
(47, 69)
(102, 78)
(53, 57)
(56, 76)
(69, 61)
(56, 76)
(56, 76)
(19, 76)
(20, 28)
(88, 68)
(88, 65)
(56, 76)
(32, 80)
(56, 76)
(73, 63)
(154, 32)
(91, 64)
(56, 76)
(33, 58)
(38, 52)
(56, 76)
(31, 131)
(56, 76)
(23, 18)
(17, 32)
(30, 48)
(20, 85)
(19, 30)
(56, 76)
(89, 67)
(56, 76)
(98, 67)
(56, 76)
(54, 68)
(56, 76)
(60, 18)
(175, 180)
(47, 19)
(56, 76)
(46, 45)
(26, 52)
(28, 23)
(27, 32)
(26, 51)
(26, 66)
(56, 76)
(36, 21)
(25, 26)
(52, 33)
(128, 26)
(38, 35)
(22, 172)
(23, 50)
(42, 39)
(49, 140)
(101, 141)
(23, 86)
(47, 26)
(24, 55)
(56, 76)
(56, 76)
(33, 176)
(29, 24)
(61, 21)
(24, 21)
(72, 65)
(18, 183)
(90, 69)
(44, 40)
(65, 59)
(90, 67)
(56, 76)
(17, 182)
(64, 58)
(45, 32)
(21, 124)
(44, 21)
(17, 32)
(53, 183)
(72, 65)
(54, 24)
(98, 63)
(56, 76)
(25, 26)
(89, 73)
(63, 58)
(56, 76)
(67, 17)
(85, 71)
(53, 70)
(56, 76)
(56, 76)
(50, 68)
(56, 76)
(50, 23)
(18, 90)
(18, 42)
(20, 59)
(56, 76)
(118, 141)
(17, 34)
(56, 76)
(41, 162)
(153, 177)
(30, 76)
(51, 68)
(56, 76)
(21, 80)
(79, 68)
(18, 127)
(24, 43)
(107, 183)
(53, 55)
(18, 21)
(85, 66)
(17, 32)
(84, 180)
(62, 22)
(111, 142)
(47, 60)
(21, 42)
(50, 61)
(151, 35)
(56, 76)
(19, 64)
(30, 46)
(20, 127)
(31, 165)
(98, 57)
(91, 165)
(19, 85)
(71, 66)
(145, 142)
(56, 76)
(79, 120)
(35, 45)
(22, 53)
(73, 66)
(77, 121)
(56, 76)
(30, 169)
(93, 64)
(39, 22)
(40, 101)
(56, 24)
(93, 72)
(28, 68)
(20, 62)
(56, 76)
(40, 140)
(56, 76)
(40, 53)
(68, 60)
(17, 102)
(22, 56)
(85, 171)
(41, 19)
(20, 31)
(59, 22)
(23, 68)
(25, 17)
(37, 109)
(56, 76)
(54, 18)
(56, 76)
(20, 53)
(56, 76)
(149, 19)
(30, 18)
(66, 156)
(80, 61)
(17, 42)
(74, 59)
(50, 104)
(56, 76)
(56, 76)
(112, 136)
(66, 59)
(56, 76)
(92, 69)
(28, 49)
(60, 107)
(56, 76)
(35, 49)
(87, 72)
(56, 76)
(56, 76)
(64, 18)
(54, 183)
(47, 106)
(30, 67)
(56, 76)
(18, 50)
(24, 110)
(103, 77)
(17, 118)
(56, 76)
(40, 162)
(44, 53)
(52, 45)
(33, 98)
(56, 76)
(21, 17)
(70, 63)
(71, 64)
(25, 56)
(56, 76)
(17, 58)
(26, 53)
(52, 63)
(56, 76)
(49, 176)
(102, 60)
(17, 49)
(71, 64)
(25, 24)
(39, 20)
(41, 19)
(72, 66)
(45, 178)
(17, 50)
(47, 59)
(17, 61)
(24, 47)
(33, 21)
(85, 176)
(72, 66)
(55, 67)
(19, 60)
(18, 54)
(56, 76)
(119, 42)
(56, 76)
(55, 68)
(72, 160)
(31, 65)
(21, 54)
(56, 76)
(25, 58)
(56, 76)
(66, 134)
(35, 19)
(47, 37)
(100, 64)
(71, 61)
(28, 81)
(56, 76)
(17, 54)
(56, 76)
(94, 62)
(17, 45)
(52, 65)
(20, 41)
(17, 94)
(47, 58)
(56, 76)
(23, 28)
(27, 28)
(187, 160)
(39, 38)
(139, 182)
(51, 34)
(44, 19)
(47, 17)
(112, 49)
(54, 20)
(45, 109)
(25, 78)
(52, 41)
(56, 76)
(56, 76)
(27, 51)
(56, 76)
(56, 76)
(56, 76)
(111, 176)
(102, 69)
(56, 76)
(91, 70)
(56, 76)
(28, 50)
(92, 71)
(56, 76)
(72, 65)
(72, 65)
(19, 69)
(32, 28)
(44, 45)
(48, 69)
(69, 63)
(28, 50)
(36, 20)
(31, 115)
(32, 23)
(35, 26)
(56, 76)
(64, 20)
(56, 76)
(67, 60)
(52, 31)
(37, 38)
(56, 76)
(56, 76)
(33, 24)
(62, 135)
(43, 179)
(56, 76)
(23, 176)
(40, 19)
(101, 71)
(22, 67)
(38, 54)
(87, 70)
(29, 20)
(66, 60)
(112, 135)
(70, 63)
(56, 76)
(43, 101)
(18, 108)
(26, 52)
(35, 55)
(39, 55)
(68, 19)
(35, 97)
(56, 76)
(29, 81)
(23, 58)
(143, 145)
(20, 60)
(33, 179)
(71, 66)
(23, 74)
(63, 58)
(56, 76)
(22, 20)
(134, 22)
(54, 72)
(56, 76)
(56, 76)
(56, 76)
(30, 89)
(56, 76)
(56, 76)
(17, 66)
(56, 76)
(56, 76)
(19, 21)
(22, 53)
(18, 84)
(56, 76)
(42, 17)
(62, 20)
(122, 138)
(128, 33)
(56, 76)
(56, 76)
(84, 179)
(23, 18)
(64, 59)
(29, 18)
(18, 127)
(68, 17)
(111, 48)
(76, 64)
(122, 136)
(27, 176)
(33, 27)
(36, 111)
(23, 177)
(31, 70)
(30, 38)
(23, 132)
(55, 149)
(24, 121)
(26, 20)
(70, 17)
(17, 90)
(30, 49)
(17, 97)
(47, 50)
(31, 28)
(50, 161)
(56, 76)
(36, 59)
(19, 56)
(58, 20)
(31, 36)
(57, 67)
(24, 81)
(17, 28)
(71, 66)
(47, 119)
(46, 101)
(25, 40)
(27, 85)
(36, 28)
(23, 30)
(33, 84)
(65, 62)
(54, 32)
(30, 51)
(58, 22)
(27, 105)
(56, 76)
(56, 76)
(23, 38)
(28, 33)
(49, 19)
(17, 70)
(40, 18)
(56, 30)
(32, 45)
(62, 111)
(66, 60)
(30, 17)
(27, 71)
(49, 61)
(29, 70)
(49, 28)
(72, 66)
(56, 76)
(56, 76)
(18, 33)
(27, 25)
(57, 26)
(56, 76)
(68, 138)
(91, 62)
(21, 51)
(17, 73)
(56, 76)
(56, 76)
(28, 30)
(31, 182)
(56, 76)
(32, 50)
(38, 59)
(101, 72)
(35, 176)
(53, 66)
(56, 76)
(56, 76)
(56, 76)
(107, 144)
(24, 54)
(80, 67)
(73, 66)
(22, 25)
(65, 59)
(56, 76)
(65, 63)
(56, 76)
(63, 58)
(49, 32)
(17, 17)
(20, 58)
(56, 76)
(56, 183)
(20, 133)
(30, 119)
(56, 76)
(40, 47)
(54, 69)
(17, 141)
(53, 47)
(95, 178)
(72, 65)
(56, 76)
(49, 37)
(56, 76)
(65, 59)
(67, 54)
(130, 39)
(56, 76)
(33, 79)
(38, 29)
(18, 62)
(29, 79)
(56, 76)
(34, 58)
(17, 17)
(52, 19)
(33, 22)
(22, 56)
(58, 66)
(20, 23)
(73, 113)
(52, 24)
(17, 26)
(56, 76)
(56, 76)
(56, 76)
(56, 180)
(17, 49)
(33, 60)
(56, 28)
(53, 20)
(21, 49)
(64, 65)
(56, 76)
(62, 114)
(65, 59)
(56, 76)
(56, 76)
(48, 53)
(72, 65)
(20, 44)
(119, 36)
(56, 76)
(40, 51)
(71, 58)
(33, 88)
(53, 63)
(56, 76)
(24, 68)
(73, 66)
(53, 104)
(61, 22)
(66, 17)
(17, 46)
(33, 22)
(17, 62)
(56, 76)
(20, 24)
(21, 52)
(56, 76)
(56, 76)
(47, 19)
(103, 77)
(31, 82)
(57, 64)
(38, 56)
(56, 76)
(69, 62)
(24, 30)
(25, 65)
(17, 17)
(56, 76)
(36, 17)
(44, 104)
(56, 76)
(56, 76)
(71, 64)
(92, 67)
(33, 23)
(56, 76)
(56, 76)
(28, 21)
(56, 76)
(49, 50)
(89, 68)
(73, 65)
(56, 76)
(41, 144)
(17, 65)
(48, 38)
(20, 122)
(71, 64)
(83, 70)
(76, 57)
(22, 73)
(183, 165)
(35, 36)
(56, 67)
(18, 167)
(32, 183)
(56, 76)
(56, 76)
(56, 76)
(20, 131)
(56, 76)
(120, 58)
(56, 76)
(56, 76)
(67, 60)
(17, 67)
(31, 24)
(63, 58)
(22, 46)
(68, 61)
(22, 25)
(56, 76)
(52, 35)
(72, 65)
(39, 48)
(18, 18)
(70, 62)
(56, 76)
(40, 27)
(17, 26)
(39, 21)
(26, 50)
(45, 57)
(86, 71)
(58, 123)
(24, 118)
(42, 152)
(63, 20)
(56, 76)
(19, 19)
(23, 24)
(102, 71)
(24, 169)
(180, 161)
(172, 25)
(119, 175)
(44, 169)
(27, 51)
(22, 37)
(163, 153)
(67, 20)
(56, 76)
(52, 70)
(105, 139)
(105, 79)
(148, 17)
(17, 178)
(56, 76)
(17, 99)
(103, 60)
(24, 78)
(22, 106)
(31, 56)
(28, 77)
(18, 37)
(75, 65)
(75, 128)
(70, 54)
(124, 29)
(21, 183)
(100, 61)
(28, 181)
(37, 52)
(56, 76)
(36, 114)
(51, 35)
(46, 68)
(74, 55)
(71, 169)
(126, 142)
(43, 181)
(100, 70)
(30, 67)
(19, 26)
(37, 103)
(32, 159)
(101, 132)
(54, 171)
(30, 95)
(56, 76)
(35, 105)
(56, 76)
(68, 63)
(56, 76)
(73, 118)
(56, 76)
(56, 76)
(25, 166)
(22, 59)
(91, 64)
(44, 19)
(50, 25)
(29, 25)
(53, 107)
(50, 39)
(18, 118)
(19, 25)
(17, 27)
(34, 40)
(20, 31)
(53, 63)
(54, 18)
(56, 19)
(33, 52)
(56, 76)
(66, 57)
(57, 22)
(56, 76)
(63, 58)
(37, 22)
(25, 53)
(81, 65)
(51, 22)
(64, 58)
(56, 76)
(56, 76)
(27, 25)
(70, 63)
(33, 17)
(56, 76)
(38, 26)
(56, 76)
(74, 62)
(56, 76)
(51, 37)
(56, 76)
(55, 30)
(67, 60)
(100, 66)
(73, 66)
(91, 65)
(89, 65)
(17, 136)
(56, 76)
(65, 59)
(17, 37)
(33, 50)
(46, 63)
(70, 63)
(23, 40)
(42, 60)
(83, 66)
(22, 30)
(73, 66)
(21, 71)
(56, 76)
(60, 27)
(21, 167)
(28, 87)
(56, 76)
(18, 33)
(66, 60)
(32, 77)
(67, 60)
(23, 47)
(47, 19)
(71, 64)
(93, 75)
(17, 113)
(21, 79)
(69, 59)
(91, 69)
(21, 20)
(56, 76)
(40, 52)
(35, 59)
(29, 60)
(32, 25)
(56, 76)
(21, 83)
(47, 19)
(30, 19)
(37, 22)
(50, 59)
(39, 59)
(31, 70)
(67, 61)
(56, 76)
(73, 60)
(56, 76)
(21, 32)
(56, 76)
(51, 57)
(100, 55)
(80, 68)
(56, 76)
(54, 21)
(40, 31)
(33, 23)
(17, 76)
(29, 36)
(65, 21)
(56, 76)
(92, 63)
(56, 76)
(23, 136)
(46, 62)
(168, 182)
(17, 89)
(24, 60)
(56, 76)
(56, 76)
(30, 84)
(73, 64)
(56, 76)
(26, 72)
(60, 26)
(56, 76)
(56, 76)
(48, 57)
(51, 34)
(94, 125)
(54, 69)
(65, 59)
(68, 61)
(56, 76)
(61, 19)
(28, 49)
(56, 76)
(66, 59)
(48, 21)
(17, 18)
(56, 76)
(25, 19)
(56, 76)
(70, 63)
(56, 76)
(78, 119)
(66, 17)
(56, 76)
(28, 17)
(47, 103)
(56, 76)
(21, 73)
(58, 137)
(28, 54)
(108, 45)
(17, 43)
(27, 27)
(51, 61)
(56, 76)
(66, 18)
(91, 71)
(42, 17)
(144, 144)
(95, 165)
(101, 62)
(73, 66)
(140, 39)
(62, 60)
(56, 76)
(128, 28)
(27, 131)
(56, 76)
(18, 170)
(34, 164)
(50, 46)
(17, 35)
(23, 87)
(56, 76)
(126, 174)
(64, 58)
(56, 76)
(56, 76)
(18, 48)
(58, 65)
(23, 58)
(78, 63)
(56, 76)
(73, 126)
(56, 76)
(33, 85)
(35, 56)
(31, 52)
(56, 76)
(59, 20)
(29, 25)
(59, 28)
(56, 76)
(40, 22)
(56, 76)
(56, 76)
(17, 180)
(82, 137)
(86, 68)
(54, 68)
(63, 62)
(23, 18)
(93, 126)
(56, 76)
(92, 64)
(32, 21)
(89, 67)
(57, 65)
(18, 43)
(17, 108)
(56, 76)
(116, 47)
(18, 36)
(36, 100)
(111, 145)
(102, 51)
(56, 76)
(205, 169)
(23, 86)
(71, 65)
(18, 23)
(24, 70)
(31, 40)
(63, 66)
(44, 55)
(140, 151)
(18, 106)
(49, 46)
(27, 59)
(20, 49)
(17, 115)
(88, 72)
(17, 171)
(115, 54)
(17, 110)
(27, 85)
(47, 142)
(58, 66)
(56, 76)
(72, 65)
(153, 151)
(41, 177)
(76, 68)
(49, 103)
(38, 60)
(18, 89)
(61, 64)
(125, 28)
(44, 19)
(70, 17)
(19, 57)
(42, 51)
(128, 25)
(17, 18)
(88, 71)
(74, 144)
(56, 76)
(27, 66)
(51, 66)
(24, 47)
(58, 22)
(100, 70)
(69, 62)
(51, 19)
(56, 76)
(67, 60)
(24, 73)
(56, 76)
(56, 76)
(38, 56)
(78, 161)
(56, 76)
(21, 21)
(82, 69)
(56, 76)
(44, 43)
(56, 76)
(18, 66)
(43, 57)
(64, 59)
(25, 19)
(17, 55)
(115, 38)
(153, 180)
(19, 103)
(34, 58)
(17, 81)
(56, 76)
(56, 76)
(62, 23)
(56, 76)
(80, 64)
(73, 62)
(25, 67)
(51, 42)
(20, 25)
(25, 54)
(19, 89)
(41, 54)
(32, 65)
(28, 86)
(38, 102)
(71, 64)
(56, 76)
(18, 81)
(27, 31)
(29, 65)
(104, 78)
(130, 146)
(17, 84)
(56, 76)
(47, 62)
(34, 19)
(56, 76)
(151, 22)
(22, 89)
(21, 64)
(56, 76)
(17, 18)
(56, 76)
(77, 59)
(56, 76)
(56, 76)
(43, 61)
(70, 63)
(110, 48)
(65, 110)
(56, 76)
(49, 22)
(44, 169)
(58, 21)
(72, 65)
(176, 157)
(58, 27)
(130, 179)
(20, 31)
(21, 65)
(25, 39)
(46, 175)
(73, 66)
(34, 22)
(48, 29)
(109, 183)
(37, 103)
(49, 35)
(62, 64)
(18, 56)
(54, 30)
(51, 43)
(24, 83)
(56, 76)
(23, 28)
(52, 170)
(49, 122)
(20, 104)
(36, 17)
(137, 25)
(31, 31)
(66, 61)
(53, 61)
(17, 38)
(56, 76)
(33, 17)
(92, 72)
(27, 66)
(56, 76)
(56, 76)
(22, 29)
(22, 56)
(54, 32)
(82, 120)
(56, 76)
(17, 177)
(22, 50)
(56, 76)
(59, 69)
(23, 135)
(19, 53)
(30, 17)
(28, 75)
(56, 76)
(53, 30)
(71, 64)
(58, 68)
(56, 76)
(17, 105)
(56, 76)
(95, 58)
(23, 167)
(17, 90)
(62, 62)
(56, 76)
(56, 76)
(56, 76)
(26, 43)
(69, 17)
(72, 65)
(67, 54)
(82, 70)
(21, 90)
(17, 60)
(143, 163)
(56, 76)
(22, 61)
(69, 64)
(29, 25)
(56, 76)
(63, 58)
(72, 65)
(71, 64)
(18, 75)
(17, 42)
(157, 147)
(18, 31)
(144, 148)
(56, 76)
(27, 168)
(60, 17)
(38, 22)
(56, 76)
(31, 48)
(147, 52)
(69, 52)
(17, 19)
(25, 58)
(56, 76)
(72, 66)
(46, 120)
(56, 76)
(176, 164)
(56, 76)
(56, 76)
(101, 64)
(56, 76)
(56, 76)
(56, 76)
(56, 76)
(151, 44)
(25, 150)
(39, 21)
(47, 17)
(18, 150)
(59, 107)
(18, 64)
(40, 56)
(99, 74)
(32, 24)
(103, 59)
(205, 169)
(33, 17)
(24, 26)
(56, 76)
(146, 23)
(56, 76)
(56, 76)
(68, 61)
(102, 139)
(140, 176)
(53, 59)
(22, 41)
(54, 68)
(76, 61)
(28, 173)
(45, 139)
(55, 24)
(52, 33)
(61, 24)
(29, 131)
(69, 18)
(53, 63)
(18, 28)
(19, 68)
(120, 41)
(51, 23)
(26, 77)
(23, 28)
(27, 98)
(53, 51)
(52, 70)
(99, 62)
(101, 78)
(146, 18)
(97, 76)
(53, 57)
(23, 68)
(62, 67)
(130, 181)
(51, 181)
(93, 73)
(50, 171)
(71, 64)
(25, 28)
(80, 68)
(23, 169)
(103, 50)
(22, 56)
(56, 76)
(105, 181)
(22, 80)
(23, 65)
(56, 76)
(28, 53)
(25, 145)
(25, 63)
(71, 60)
(25, 17)
(56, 76)
(26, 52)
(58, 29)
(26, 48)
(56, 76)
(28, 68)
(17, 57)
(110, 49)
(71, 62)
(40, 42)
(27, 56)
(56, 76)
(56, 76)
(57, 69)
(38, 47)
(42, 21)
(18, 62)
(52, 64)
(65, 59)
(74, 55)
(56, 76)
(113, 177)
(201, 181)
(19, 86)
(73, 59)
(53, 40)
(56, 76)
(56, 28)
(56, 76)
(22, 73)
(104, 77)
(165, 152)
(142, 18)
(67, 60)
(94, 67)
(17, 41)
(67, 18)
(23, 21)
(36, 39)
(69, 61)
(18, 73)
(43, 66)
(21, 39)
(61, 67)
(94, 126)
(41, 176)
(32, 41)
(72, 63)
(56, 76)
(100, 65)
(46, 19)
(56, 18)
(24, 35)
(58, 65)
(56, 76)
(56, 76)
(56, 76)
(94, 61)
(56, 76)
(20, 114)
(103, 58)
(51, 28)
(51, 17)
(74, 129)
(49, 173)
(53, 46)
(26, 28)
(26, 52)
(26, 52)
(56, 76)
(27, 72)
(22, 67)
(100, 55)
(63, 58)
(22, 56)
(17, 73)
(56, 76)
(56, 76)
(17, 36)
(96, 75)
(40, 51)
(56, 76)
(67, 60)
(100, 71)
(68, 61)
(46, 60)
(69, 65)
(92, 175)
(26, 147)
(32, 133)
(56, 76)
(31, 17)
(56, 76)
(56, 76)
(66, 60)
(56, 76)
(56, 76)
(170, 79)
(58, 110)
(70, 63)
(50, 23)
(42, 112)
(56, 76)
(53, 23)
(56, 76)
(22, 62)
(64, 17)
(56, 76)
(56, 76)
(56, 76)
(92, 71)
(38, 19)
(47, 19)
(31, 80)
(50, 68)
(56, 76)
(68, 58)
(56, 76)
(59, 21)
(34, 173)
(17, 62)
(32, 17)
(20, 33)
(54, 17)
(92, 66)
(52, 21)
(19, 85)
(56, 76)
(32, 33)
(27, 25)
(24, 17)
(17, 20)
(62, 21)
(52, 22)
(74, 163)
(64, 57)
(28, 21)
(26, 86)
(56, 76)
(44, 40)
(22, 54)
(74, 113)
(18, 58)
(32, 42)
(56, 76)
(36, 62)
(18, 26)
(53, 18)
(28, 49)
(38, 183)
(18, 17)
(26, 26)
(17, 41)
(20, 70)
(23, 159)
(71, 64)
(65, 59)
(56, 76)
(56, 76)
(73, 66)
(35, 21)
(20, 55)
(56, 76)
(24, 178)
(56, 76)
(72, 66)
(56, 76)
(100, 74)
(56, 76)
(56, 76)
(39, 42)
(54, 20)
(91, 68)
(56, 76)
(56, 76)
(38, 21)
(73, 59)
(91, 68)
(56, 76)
(41, 17)
(48, 24)
(144, 19)
(30, 57)
(56, 76)
(51, 67)
(56, 76)
(33, 71)
(17, 82)
(56, 76)
(104, 79)
(56, 76)
(28, 172)
(31, 177)
(56, 76)
(59, 17)
(73, 55)
(48, 41)
(18, 36)
(39, 177)
(33, 56)
(23, 50)
(49, 69)
(197, 165)
(147, 179)
(54, 17)
(46, 103)
(90, 73)
(55, 24)
(56, 76)
(61, 63)
(103, 67)
(56, 76)
(78, 182)
(17, 55)
(48, 114)
(35, 102)
(91, 178)
(19, 35)
(17, 53)
(56, 26)
(53, 59)
(52, 46)
(54, 72)
(31, 60)
(60, 67)
(20, 58)
(50, 183)
(56, 76)
(96, 76)
(151, 162)
(72, 62)
(102, 64)
(141, 152)
(21, 51)
(62, 21)
(25, 59)
(76, 121)
(49, 22)
(96, 130)
(112, 42)
(48, 67)
(63, 58)
(56, 76)
(33, 158)
(21, 150)
(56, 76)
(56, 76)
(56, 76)
(56, 76)
(25, 17)
(54, 70)
(55, 157)
(56, 76)
(51, 23)
(96, 66)
(34, 29)
(55, 23)
(24, 40)
(56, 76)
(18, 119)
(17, 34)
(41, 35)
(17, 65)
(21, 158)
(54, 32)
(60, 174)
(56, 76)
(51, 42)
(56, 76)
(66, 59)
(56, 76)
(56, 76)
(82, 69)
(18, 31)
(56, 76)
(31, 75)
(19, 61)
(24, 23)
(69, 62)
(17, 73)
(29, 24)
(71, 64)
(70, 64)
(25, 168)
(88, 66)
(48, 40)
(91, 63)
(17, 53)
(56, 76)
(96, 75)
(66, 55)
(31, 69)
(38, 45)
(21, 69)
(101, 76)
(56, 76)
(57, 183)
(34, 112)
(35, 36)
(104, 79)
(31, 86)
(24, 136)
(53, 38)
(29, 35)
(56, 76)
(63, 58)
(22, 92)
(67, 60)
(43, 24)
(86, 181)
(99, 55)
(30, 28)
(43, 181)
(21, 89)
(60, 19)
(53, 17)
(35, 17)
(56, 76)
(47, 28)
(51, 19)
(72, 58)
(96, 69)
(72, 63)
(56, 76)
(65, 58)
(27, 66)
(36, 19)
(53, 42)
(56, 76)
(26, 37)
(137, 183)
(60, 107)
(91, 65)
(18, 162)
(35, 24)
(64, 58)
(56, 76)
(72, 66)
(25, 62)
(60, 23)
(32, 52)
(56, 76)
(71, 64)
(97, 72)
(90, 72)
(55, 17)
(103, 78)
(153, 59)
(21, 78)
(53, 51)
(82, 64)
(56, 76)
(86, 183)
(23, 35)
(28, 50)
(56, 76)
(55, 19)
(51, 110)
(175, 94)
(18, 168)
(56, 76)
(66, 60)
(31, 35)
(51, 107)
(50, 20)
(21, 86)
(47, 19)
(56, 76)
(118, 47)
(56, 76)
(56, 76)
(63, 66)
(56, 76)
(23, 41)
(56, 76)
(33, 41)
(56, 76)
(100, 62)
(92, 65)
(45, 63)
(57, 65)
(59, 182)
(67, 64)
(83, 156)
(26, 27)
(56, 76)
(29, 26)
(56, 76)
(92, 69)
(56, 76)
(20, 29)
(79, 68)
(56, 76)
(46, 60)
(56, 76)
(56, 76)
(22, 70)
(18, 30)
(56, 76)
(32, 82)
(30, 71)
(57, 72)
(39, 42)
(27, 150)
(45, 61)
(56, 76)
(63, 58)
(99, 166)
(93, 62)
(18, 72)
(56, 76)
(55, 23)
(31, 69)
(56, 76)
(78, 61)
(45, 27)
(17, 73)
(39, 24)
(71, 63)
(32, 17)
(24, 62)
(56, 76)
(22, 130)
(42, 66)
(198, 182)
(56, 76)
(49, 65)
(21, 38)
(65, 58)
(56, 76)
(19, 144)
(53, 62)
(34, 43)
(21, 29)
(55, 30)
(56, 76)
(56, 76)
(26, 26)
(37, 22)
(168, 98)
(28, 138)
(33, 57)
(18, 179)
(95, 68)
(68, 63)
(70, 17)
(94, 71)
(17, 131)
(53, 59)
(79, 120)
(100, 56)
(86, 68)
(38, 36)
(20, 89)
(18, 55)
(96, 61)
(160, 157)
(30, 154)
(171, 170)
(30, 70)
(67, 18)
(30, 23)
(56, 76)
(21, 108)
(48, 20)
(32, 19)
(59, 26)
(28, 60)
(25, 76)
(97, 180)
(31, 78)
(41, 19)
(56, 76)
(64, 58)
(83, 158)
(103, 72)
(132, 161)
(45, 31)
(64, 58)
(41, 100)
(21, 86)
(45, 32)
(96, 125)
(73, 66)
(68, 180)
(31, 149)
(48, 37)
(27, 33)
(183, 168)
(29, 17)
(34, 52)
(56, 76)
(56, 76)
(54, 28)
(34, 20)
(67, 60)
(85, 69)
(56, 76)
(19, 50)
(98, 61)
(19, 17)
(56, 76)
(44, 38)
(19, 40)
(56, 76)
(56, 76)
(63, 20)
(56, 76)
(18, 172)
(18, 40)
(61, 19)
(26, 52)
(31, 38)
(56, 76)
(34, 142)
(23, 28)
(22, 62)
(80, 160)
(56, 76)
(42, 17)
(56, 19)
(42, 18)
(90, 66)
(118, 48)
(96, 61)
(56, 76)
(23, 176)
(88, 65)
(56, 76)
(30, 97)
(56, 76)
(102, 69)
(57, 129)
(99, 64)
(56, 76)
(56, 76)
(24, 38)
(25, 57)
(56, 76)
(22, 69)
(73, 66)
(100, 77)
(22, 56)
(22, 54)
(56, 76)
(22, 100)
(53, 22)
(30, 17)
(56, 76)
(23, 150)
(114, 140)
(103, 77)
(21, 55)
(21, 17)
(34, 101)
(45, 29)
(43, 22)
(44, 20)
(20, 23)
(35, 22)
(56, 76)
(46, 38)
(56, 76)
(168, 25)
(56, 70)
(165, 153)
(21, 38)
(63, 17)
(88, 70)
(34, 25)
(19, 72)
(56, 76)
(21, 17)
(68, 17)
(17, 40)
(58, 26)
(17, 51)
(70, 62)
(64, 59)
(128, 29)
(41, 182)
(71, 57)
(46, 58)
(53, 64)
(45, 30)
(76, 62)
(56, 76)
(56, 76)
(68, 61)
(28, 29)
(56, 76)
(17, 33)
(63, 18)
(66, 18)
(48, 37)
(58, 21)
(95, 59)
(60, 27)
(54, 27)
(56, 76)
(32, 54)
(56, 76)
(69, 62)
(30, 80)
(31, 59)
(70, 58)
(56, 76)
(127, 27)
(32, 18)
(105, 127)
(100, 57)
(32, 36)
(56, 76)
(28, 35)
(25, 22)
(56, 76)
(56, 76)
(18, 69)
(38, 56)
(53, 71)
(60, 69)
(31, 17)
(22, 83)
(74, 59)
(52, 37)
(30, 72)
(56, 76)
(40, 178)
(19, 110)
(63, 58)
(56, 76)
(26, 42)
(56, 76)
(22, 80)
(45, 34)
(64, 19)
(90, 73)
(87, 66)
(46, 58)
(56, 76)
(56, 76)
(94, 133)
(59, 63)
(63, 23)
(56, 76)
(24, 54)
(26, 26)
(72, 65)
(65, 62)
(56, 76)
(123, 55)
(69, 62)
(56, 76)
(72, 61)
(17, 40)
(56, 76)
(74, 55)
(56, 76)
(20, 117)
(23, 93)
(56, 76)
(28, 75)
(100, 77)
(56, 76)
(56, 76)
(56, 76)
(67, 20)
(25, 92)
(101, 78)
(97, 72)
(46, 17)
(17, 58)
(50, 63)
(72, 58)
(56, 76)
(58, 63)
(122, 174)
(53, 61)
(52, 21)
(50, 32)
(61, 19)
(55, 22)
(66, 55)
(28, 27)
(56, 76)
(56, 76)
(30, 81)
(23, 32)
(22, 18)
(56, 76)
(53, 47)
(64, 58)
(43, 41)
(30, 69)
(17, 59)
(56, 76)
(103, 66)
(49, 25)
(56, 76)
(54, 71)
(98, 65)
(61, 149)
(40, 49)
(102, 73)
(98, 123)
(56, 76)
(56, 76)
(101, 65)
(71, 66)
(79, 119)
(33, 21)
(210, 177)
(91, 66)
(67, 18)
(44, 20)
(146, 161)
(91, 66)
(107, 182)
(204, 167)
(24, 83)
(56, 76)
(56, 76)
(141, 183)
(29, 80)
(56, 76)
(24, 68)
(33, 76)
(56, 76)
(41, 21)
(17, 26)
(80, 131)
(170, 155)
(70, 62)
(17, 83)
(33, 61)
(161, 174)
(56, 76)
(71, 66)
(23, 168)
(19, 72)
(30, 37)
(96, 65)
(56, 76)
(70, 63)
(170, 26)
(101, 126)
(49, 109)
(19, 18)
(56, 76)
(139, 141)
(67, 63)
(74, 59)
(34, 61)
(55, 154)
(44, 19)
(32, 23)
(40, 23)
(42, 17)
(147, 49)
(77, 58)
(100, 63)
(56, 76)
(40, 20)
(59, 17)
(56, 76)
(35, 41)
(29, 65)
(44, 49)
(56, 76)
(55, 31)
(22, 140)
(97, 75)
(56, 76)
(18, 68)
(41, 23)
(24, 17)
(65, 17)
(49, 19)
(43, 65)
(22, 38)
(32, 71)
(30, 18)
(56, 76)
(56, 76)
(66, 63)
(73, 66)
(27, 71)
(66, 60)
(33, 86)
(19, 176)
(56, 76)
(17, 168)
(99, 149)
(56, 76)
(45, 53)
(56, 76)
(40, 38)
(63, 64)
(45, 21)
(76, 143)
(22, 39)
(19, 35)
(27, 32)
(49, 19)
(19, 34)
(44, 38)
(59, 70)
(17, 25)
(40, 23)
(29, 66)
(29, 73)
(140, 47)
(56, 76)
(18, 111)
(41, 39)
(24, 67)
(31, 47)
(70, 63)
(67, 60)
(56, 76)
(33, 29)
(56, 76)
(56, 76)
(55, 117)
(89, 66)
(33, 22)
(24, 182)
(56, 76)
(46, 58)
(56, 76)
(51, 19)
(54, 168)
(128, 39)
(18, 34)
(41, 64)
(56, 76)
(26, 52)
(84, 69)
(66, 60)
(17, 53)
(24, 65)
(44, 34)
(23, 28)
(56, 76)
(39, 52)
(27, 64)
(32, 74)
(56, 76)
(65, 59)
(56, 76)
(56, 76)
(26, 53)
(48, 163)
(56, 76)
(56, 76)
(53, 21)
(102, 77)
(91, 73)
(17, 132)
(56, 76)
(46, 26)
(71, 64)
(60, 17)
(122, 54)
(31, 48)
(90, 64)
(56, 76)
(50, 48)
(56, 76)
(25, 96)
(23, 121)
(53, 183)
(149, 17)
(22, 37)
(43, 36)
(73, 120)
(27, 50)
(210, 180)
(17, 34)
(28, 38)
(67, 18)
(48, 117)
(63, 58)
(75, 56)
(56, 76)
(58, 21)
(54, 70)
(39, 99)
(56, 76)
(56, 76)
(56, 76)
(17, 34)
(56, 76)
(112, 42)
(56, 76)
(33, 28)
(26, 55)
(70, 63)
(56, 76)
(22, 29)
(53, 24)
(56, 76)
(71, 63)
(36, 35)
(56, 76)
(48, 67)
(52, 48)
(167, 152)
(26, 71)
(56, 76)
(71, 64)
(171, 166)
(56, 76)
(96, 61)
(52, 57)
(53, 38)
(73, 66)
(53, 28)
(53, 59)
(56, 76)
(68, 61)
(58, 19)
(70, 63)
(42, 101)
(28, 50)
(98, 55)
(56, 76)
(91, 64)
(78, 67)
(56, 76)
(48, 55)
(97, 59)
(26, 84)
(19, 68)
(56, 76)
(89, 67)
(102, 72)
(98, 65)
(56, 76)
(58, 18)
(151, 62)
(64, 58)
(39, 66)
(60, 17)
(56, 76)
(33, 72)
(56, 76)
(45, 52)
(42, 18)
(140, 181)
(98, 77)
(90, 66)
(78, 116)
(76, 162)
(56, 76)
(102, 173)
(56, 76)
(37, 53)
(53, 17)
(66, 62)
(56, 76)
(56, 76)
(100, 182)
(38, 24)
(161, 34)
(31, 73)
(56, 76)
(185, 162)
(57, 156)
(119, 179)
(56, 65)
(60, 67)
(71, 64)
(53, 62)
(32, 44)
(33, 141)
(117, 144)
(29, 171)
(62, 21)
(183, 161)
(56, 76)
(72, 66)
(23, 68)
(141, 174)
(44, 40)
(56, 76)
(56, 76)
(102, 151)
(56, 76)
(56, 76)
(29, 20)
(33, 46)
(31, 22)
(103, 76)
(26, 28)
(48, 49)
(17, 41)
(29, 84)
(25, 57)
(30, 83)
(42, 148)
(70, 63)
(74, 58)
(32, 24)
(65, 181)
(26, 73)
(71, 64)
(50, 133)
(22, 47)
(56, 76)
(33, 22)
(121, 178)
(59, 69)
(18, 21)
(56, 76)
(56, 76)
(56, 76)
(49, 144)
(56, 76)
(123, 170)
(70, 64)
(56, 76)
(30, 74)
(52, 175)
(56, 76)
(32, 77)
(92, 71)
(71, 64)
(22, 21)
(17, 69)
(56, 76)
(20, 24)
(114, 39)
(113, 132)
(33, 58)
(56, 76)
(33, 58)
(90, 71)
(56, 76)
(18, 161)
(76, 122)
(56, 76)
(54, 68)
(19, 35)
(21, 46)
(63, 58)
(22, 80)
(56, 76)
(56, 76)
(30, 82)
(20, 55)
(35, 58)
(23, 31)
(52, 19)
(63, 58)
(72, 65)
(31, 17)
(56, 76)
(56, 76)
(54, 17)
(18, 110)
(70, 62)
(56, 76)
(25, 102)
(73, 121)
(18, 36)
(56, 76)
(18, 69)
(26, 23)
(56, 76)
(56, 76)
(86, 183)
(21, 58)
(23, 25)
(55, 71)
(48, 19)
(17, 34)
(56, 76)
(32, 60)
(56, 76)
(146, 32)
(83, 69)
(72, 61)
(32, 52)
(95, 64)
(56, 76)
(68, 61)
(54, 71)
(36, 63)
(66, 59)
(53, 23)
(56, 76)
(48, 47)
(68, 61)
(45, 171)
(52, 71)
(22, 43)
(28, 73)
(90, 63)
(53, 64)
(18, 32)
(38, 62)
(63, 58)
(59, 28)
(61, 19)
(56, 76)
(29, 87)
(18, 35)
(215, 172)
(40, 27)
(41, 56)
(58, 71)
(58, 27)
(22, 178)
(83, 70)
(66, 60)
(56, 76)
(91, 65)
(50, 21)
(56, 76)
(59, 20)
(44, 26)
(25, 32)
(26, 52)
(56, 76)
(88, 72)
(45, 104)
(149, 144)
(54, 67)
(17, 71)
(17, 37)
(79, 63)
(71, 64)
(24, 27)
(22, 46)
(33, 42)
(31, 61)
(42, 20)
(26, 28)
(56, 76)
(70, 63)
(72, 66)
(33, 27)
(46, 18)
(19, 45)
(92, 61)
(74, 67)
(72, 65)
(47, 19)
(51, 28)
(18, 48)
(68, 62)
(25, 94)
(18, 53)
(20, 61)
(56, 76)
(18, 86)
(24, 126)
(91, 64)
(56, 76)
(30, 36)
(56, 76)
(56, 76)
(53, 45)
(56, 76)
(24, 62)
(22, 34)
(95, 136)
(151, 63)
(56, 76)
(22, 56)
(63, 58)
(56, 76)
(18, 35)
(36, 30)
(56, 70)
(56, 76)
(37, 41)
(25, 68)
(27, 169)
(43, 30)
(39, 58)
(56, 76)
(29, 24)
(17, 102)
(56, 76)
(61, 23)
(24, 19)
(17, 60)
(20, 175)
(169, 22)
(64, 58)
(31, 54)
(26, 69)
(92, 63)
(166, 26)
(53, 29)
(42, 28)
(17, 29)
(106, 129)
(33, 19)
(62, 18)
(55, 66)
(75, 172)
(218, 182)
(67, 147)
(34, 20)
(18, 112)
(56, 76)
(73, 66)
(98, 77)
(45, 43)
(22, 117)
(145, 151)
(27, 77)
(89, 64)
(71, 64)
(91, 133)
(117, 181)
(56, 76)
(17, 40)
(44, 60)
(56, 76)
(60, 67)
(167, 178)
(36, 109)
(46, 27)
(100, 68)
(85, 67)
(54, 17)
(71, 54)
(36, 107)
(27, 25)
(84, 69)
(17, 126)
(43, 67)
(111, 181)
(125, 179)
(17, 107)
(53, 19)
(99, 55)
(56, 76)
(71, 64)
(60, 108)
(56, 76)
(56, 76)
(48, 20)
(56, 76)
(32, 50)
(56, 76)
(18, 49)
(89, 70)
(17, 73)
(141, 144)
(69, 62)
(40, 44)
(57, 30)
(56, 76)
(56, 76)
(56, 76)
(92, 66)
(97, 57)
(120, 182)
(92, 71)
(17, 56)
(27, 51)
(52, 64)
(105, 80)
(66, 59)
(17, 34)
(56, 76)
(34, 38)
(56, 76)
(66, 59)
(30, 61)
(56, 76)
(87, 122)
(66, 60)
(19, 67)
(39, 24)
(68, 61)
(32, 23)
(30, 47)
(47, 172)
(90, 71)
(30, 32)
(17, 82)
(141, 22)
(42, 110)
(56, 76)
(39, 63)
(34, 156)
(56, 76)
(45, 52)
(56, 76)
(121, 52)
(21, 183)
(56, 76)
(58, 66)
(33, 118)
(21, 72)
(34, 162)
(29, 82)
(28, 55)
(55, 134)
(22, 23)
(35, 42)
(56, 76)
(57, 66)
(63, 59)
(21, 40)
(49, 30)
(79, 142)
(56, 76)
(61, 17)
(30, 96)
(52, 111)
(28, 166)
(27, 81)
(57, 118)
(73, 66)
(56, 76)
(28, 133)
(25, 63)
(23, 181)
(100, 73)
(17, 22)
(20, 36)
(53, 17)
(56, 76)
(44, 58)
(139, 150)
(55, 19)
(26, 64)
(89, 70)
(73, 66)
(52, 47)
(66, 59)
(65, 21)
(56, 76)
(23, 49)
(77, 65)
(17, 30)
(56, 76)
(64, 58)
(56, 76)
(25, 28)
(26, 84)
(47, 21)
(53, 63)
(34, 173)
(70, 114)
(53, 17)
(20, 65)
(72, 65)
(49, 69)
(64, 59)
(55, 28)
(26, 41)
(32, 26)
(57, 19)
(35, 52)
(36, 19)
(41, 173)
(66, 60)
(48, 43)
(51, 18)
(56, 76)
(33, 172)
(71, 64)
(24, 76)
(22, 57)
(43, 21)
(19, 71)
(25, 80)
(56, 76)
(56, 76)
(67, 60)
(67, 60)
(27, 50)
(24, 174)
(44, 57)
(70, 149)
(19, 50)
(104, 153)
(29, 84)
(17, 70)
(39, 66)
(23, 28)
(31, 85)
(91, 62)
(53, 114)
(87, 68)
(19, 32)
(56, 76)
(56, 17)
(69, 59)
(31, 60)
(21, 169)
(56, 76)
(55, 30)
(23, 56)
(82, 65)
(56, 76)
(162, 179)
(20, 25)
(29, 30)
(52, 33)
(24, 54)
(25, 55)
(20, 32)
(91, 65)
(56, 76)
(56, 76)
(56, 76)
(67, 60)
(101, 74)
(54, 19)
(43, 54)
(86, 69)
(25, 53)
(21, 68)
(56, 76)
(18, 31)
(42, 63)
(22, 26)
(92, 63)
(95, 73)
(73, 66)
(26, 108)
(66, 21)
(20, 178)
(49, 58)
(35, 55)
(56, 76)
(28, 51)
(70, 63)
(30, 49)
(18, 33)
(64, 18)
(17, 39)
(52, 50)
(22, 41)
(17, 24)
(135, 144)
(23, 82)
(123, 168)
(90, 64)
(65, 59)
(40, 62)
(180, 181)
(18, 61)
(135, 146)
(100, 134)
(17, 63)
(104, 148)
(33, 77)
(37, 52)
(37, 19)
(73, 66)
(56, 76)
(28, 24)
(36, 134)
(42, 46)
(57, 69)
(47, 52)
(53, 62)
(66, 161)
(21, 49)
(62, 21)
(26, 69)
(28, 17)
(56, 76)
(102, 63)
(59, 19)
(79, 149)
(56, 76)
(26, 66)
(71, 58)
(28, 66)
(22, 144)
(54, 67)
(67, 17)
(56, 76)
(102, 58)
(52, 59)
(17, 39)
(52, 56)
(160, 151)
(65, 59)
(87, 128)
(17, 88)
(63, 58)
(56, 76)
(23, 56)
(56, 76)
(56, 76)
(28, 59)
(64, 59)
(23, 44)
(72, 55)
(17, 57)
(19, 68)
(45, 19)
(31, 17)
(39, 45)
(25, 17)
(56, 76)
(43, 17)
(61, 26)
(18, 92)
(54, 67)
(91, 73)
(49, 23)
(56, 76)
(32, 156)
(59, 22)
(60, 24)
(35, 23)
(56, 76)
(151, 42)
(56, 76)
(41, 17)
(23, 17)
(90, 68)
(22, 33)
(55, 20)
(140, 38)
(21, 17)
(109, 153)
(50, 171)
(56, 76)
(49, 52)
(56, 76)
(56, 76)
(18, 42)
(33, 61)
(27, 79)
(63, 65)
(72, 56)
(98, 144)
(56, 76)
(78, 169)
(72, 66)
(88, 72)
(30, 28)
(20, 28)
(125, 175)
(70, 17)
(56, 19)
(27, 169)
(24, 101)
(31, 37)
(56, 76)
(41, 33)
(28, 76)
(56, 76)
(171, 153)
(19, 57)
(56, 76)
(35, 32)
(56, 157)
(72, 65)
(92, 63)
(24, 62)
(57, 25)
(56, 76)
(49, 63)
(19, 33)
(69, 63)
(48, 37)
(25, 26)
(99, 57)
(103, 52)
(72, 55)
(23, 180)
(50, 163)
(28, 143)
(82, 70)
(92, 64)
(24, 17)
(56, 76)
(51, 17)
(62, 19)
(56, 76)
(48, 69)
(25, 51)
(17, 61)
(32, 48)
(22, 111)
(47, 68)
(31, 51)
(52, 183)
(103, 71)
(38, 129)
(26, 17)
(70, 63)
(17, 33)
(30, 75)
(104, 78)
(67, 174)
(17, 58)
(56, 182)
(71, 60)
(17, 43)
(56, 76)
(17, 20)
(63, 58)
(56, 76)
(30, 55)
(36, 43)
(68, 63)
(74, 61)
(18, 53)
(56, 76)
(44, 19)
(73, 59)
(56, 76)
(56, 76)
(56, 76)
(31, 54)
(17, 42)
(43, 19)
(56, 76)
(56, 76)
(49, 70)
(26, 67)
(22, 70)
(101, 78)
(49, 24)
(47, 33)
(53, 32)
(20, 56)
(70, 62)
(56, 76)
(108, 46)
(56, 76)
(69, 54)
(49, 51)
(18, 90)
(56, 76)
(56, 76)
(28, 24)
(20, 79)
(97, 64)
(56, 76)
(51, 64)
(201, 97)
(45, 38)
(25, 91)
(28, 25)
(56, 76)
(34, 63)
(30, 48)
(31, 42)
(17, 86)
(28, 62)
(92, 61)
(51, 71)
(17, 136)
(62, 18)
(23, 34)
(56, 76)
(48, 66)
(20, 40)
(116, 54)
(63, 58)
(140, 31)
(18, 45)
(56, 76)
(56, 76)
(66, 18)
(46, 45)
(20, 115)
(24, 20)
(32, 141)
(71, 64)
(74, 62)
(51, 41)
(63, 182)
(47, 53)
(23, 28)
(67, 63)
(52, 69)
(47, 68)
(56, 76)
(47, 64)
(25, 53)
(56, 76)
(26, 59)
(50, 58)
(50, 58)
(49, 69)
(21, 48)
(56, 76)
(18, 101)
(144, 145)
(170, 26)
(20, 58)
(60, 63)
(56, 76)
(52, 32)
(117, 175)
(60, 61)
(91, 66)
(73, 66)
(56, 76)
(56, 76)
(48, 62)
(73, 66)
(19, 56)
(92, 121)
(186, 162)
(50, 30)
(53, 40)
(74, 57)
(56, 76)
(34, 20)
(20, 156)
(28, 17)
(52, 42)
(68, 18)
(51, 28)
(24, 170)
(56, 23)
(71, 66)
(56, 76)
(56, 76)
(56, 76)
(34, 102)
(100, 62)
(22, 85)
(82, 174)
(56, 76)
(20, 183)
(85, 67)
(38, 49)
(20, 32)
(102, 77)
(25, 52)
(56, 110)
(43, 18)
(17, 55)
(19, 153)
(28, 26)
(73, 66)
(56, 76)
(50, 25)
(56, 76)
(63, 58)
(55, 27)
(80, 66)
(42, 167)
(20, 110)
(29, 25)
(56, 76)
(21, 19)
(56, 76)
(141, 18)
(17, 35)
(94, 169)
(92, 63)
(56, 76)
(92, 64)
(56, 76)
(156, 32)
(56, 76)
(56, 76)
(92, 71)
(25, 162)
(17, 81)
(126, 34)
(89, 64)
(47, 32)
(22, 145)
(56, 76)
(26, 60)
(40, 64)
(20, 75)
(114, 133)
(24, 31)
(19, 32)
(22, 23)
(26, 89)
(130, 158)
(68, 61)
(28, 83)
(32, 23)
(17, 32)
(22, 59)
(56, 30)
(19, 26)
(56, 76)
(56, 76)
(112, 132)
(25, 51)
(61, 119)
(56, 76)
(103, 59)
(57, 17)
(49, 109)
(58, 115)
(56, 76)
(41, 31)
(29, 64)
(56, 76)
(21, 51)
(99, 73)
(97, 71)
(50, 62)
(56, 76)
(34, 22)
(73, 58)
(56, 76)
(100, 76)
(23, 28)
(53, 68)
(22, 75)
(27, 63)
(55, 26)
(35, 50)
(56, 76)
(30, 44)
(155, 17)
(33, 18)
(17, 33)
(56, 76)
(113, 44)
(24, 18)
(31, 93)
(155, 29)
(29, 77)
(18, 65)
(56, 76)
(56, 76)
(97, 123)
(30, 57)
(56, 76)
(40, 41)
(30, 23)
(56, 76)
(56, 76)
(17, 20)
(49, 21)
(56, 76)
(21, 174)
(25, 56)
(56, 76)
(20, 26)
(37, 53)
(57, 24)
(63, 58)
(22, 167)
(56, 76)
(57, 19)
(56, 76)
(26, 68)
(72, 65)
(65, 20)
(96, 142)
(56, 76)
(63, 58)
(37, 17)
(17, 47)
(40, 26)
(30, 41)
(56, 76)
(30, 146)
(17, 66)
(73, 66)
(18, 176)
(56, 76)
(56, 150)
(56, 76)
(63, 18)
(56, 76)
(30, 42)
(56, 76)
(18, 60)
(87, 66)
(29, 49)
(26, 182)
(17, 72)
(56, 76)
(163, 180)
(41, 27)
(56, 76)
(67, 64)
(27, 40)
(35, 34)
(56, 76)
(56, 76)
(56, 76)
(65, 59)
(64, 58)
(74, 57)
(96, 58)
(23, 67)
(33, 75)
(45, 44)
(56, 76)
(72, 63)
(56, 76)
(56, 76)
(80, 68)
(91, 72)
(56, 76)
(56, 76)
(86, 71)
(56, 76)
(19, 50)
(62, 23)
(56, 76)
(56, 76)
(159, 40)
(97, 58)
(135, 173)
(47, 151)
(72, 65)
(69, 56)
(169, 20)
(67, 60)
(24, 55)
(45, 157)
(33, 33)
(56, 76)
(56, 76)
(72, 65)
(20, 35)
(20, 60)
(35, 24)
(63, 58)
(90, 65)
(70, 63)
(32, 23)
(78, 65)
(79, 64)
(28, 37)
(60, 18)
(31, 50)
(19, 51)
(20, 55)
(17, 35)
(90, 72)
(27, 74)
(32, 93)
(38, 58)
(113, 47)
(60, 65)
(17, 28)
(52, 53)
(121, 135)
(56, 76)
(219, 174)
(44, 23)
(73, 66)
(56, 76)
(44, 43)
(70, 54)
(17, 28)
(84, 69)
(80, 175)
(104, 181)
(56, 76)
(17, 71)
(18, 106)
(70, 51)
(98, 63)
(33, 97)
(118, 140)
(20, 58)
(51, 20)
(223, 177)
(27, 18)
(64, 62)
(33, 128)
(61, 19)
(33, 44)
(56, 76)
(56, 76)
(58, 24)
(84, 183)
(52, 17)
(56, 31)
(217, 183)
(56, 76)
(21, 183)
(25, 73)
(26, 45)
