(63, 58)
(30, 26)
(54, 72)
(71, 64)
(44, 53)
(19, 36)
(56, 76)
(28, 35)
(89, 168)
(33, 78)
(21, 73)
(25, 30)
(17, 175)
(47, 59)
(56, 76)
(49, 17)
(31, 66)
(28, 63)
(33, 77)
(63, 58)
(44, 106)
(56, 76)
(47, 19)
(27, 17)
(73, 62)
(67, 60)
(96, 67)
(56, 76)
(27, 59)
(67, 19)
(100, 77)
(104, 77)
(44, 56)
(17, 56)
(56, 76)
(45, 35)
(56, 76)
(37, 38)
(43, 62)
(48, 42)
(66, 59)
(27, 50)
(56, 76)
(91, 65)
(56, 76)
(24, 106)
(88, 68)
(56, 76)
(40, 20)
(53, 41)
(103, 54)
(32, 72)
(20, 115)
(60, 65)
(23, 77)
(92, 61)
(56, 76)
(89, 69)
(59, 67)
(41, 30)
(43, 20)
(56, 76)
(56, 76)
(75, 137)
(208, 176)
(43, 19)
(48, 31)
(23, 178)
(99, 74)
(68, 61)
(57, 24)
(70, 63)
(25, 70)
(47, 19)
(68, 61)
(80, 117)
(122, 31)
(56, 76)
(56, 76)
(56, 76)
(56, 76)
(72, 65)
(56, 76)
(56, 76)
(73, 57)
(21, 48)
(56, 76)
(86, 71)
(29, 58)
(56, 76)
(22, 24)
(27, 53)
(72, 65)
(56, 76)
(56, 76)
(56, 76)
(18, 163)
(68, 61)
(27, 50)
(18, 144)
(63, 58)
(29, 34)
(26, 52)
(56, 76)
(46, 21)
(40, 22)
(56, 76)
(56, 76)
(27, 68)
(56, 76)
(35, 28)
(56, 76)
(51, 25)
(23, 56)
(28, 50)
(64, 58)
(56, 76)
(56, 76)
(19, 20)
(74, 116)
(50, 18)
(56, 76)
(105, 79)
(72, 66)
(79, 69)
(48, 68)
(56, 76)
(40, 42)
(38, 39)
(67, 60)
(94, 60)
(73, 66)
(37, 156)
(100, 59)
(56, 76)
(24, 54)
(56, 76)
(60, 26)
(54, 72)
(24, 31)
(19, 57)
(56, 76)
(66, 60)
(56, 76)
(56, 76)
(102, 78)
(56, 76)
(56, 76)
(119, 49)
(41, 44)
(54, 22)
(26, 33)
(68, 61)
(61, 18)
(19, 63)
(58, 71)
(56, 76)
(43, 23)
(47, 19)
(56, 76)
(29, 38)
(19, 157)
(58, 69)
(41, 19)
(56, 76)
(35, 48)
(17, 22)
(33, 46)
(71, 64)
(49, 23)
(44, 49)
(22, 67)
(56, 76)
(56, 76)
(17, 70)
(20, 32)
(73, 66)
(20, 51)
(56, 76)
(56, 76)
(32, 66)
(56, 76)
(95, 71)
(56, 76)
(21, 69)
(59, 20)
(70, 63)
(65, 18)
(56, 76)
(56, 76)
(56, 76)
(72, 65)
(30, 22)
(73, 66)
(17, 94)
(30, 48)
(97, 76)
(56, 76)
(20, 58)
(52, 47)
(56, 76)
(17, 56)
(17, 64)
(22, 58)
(24, 54)
(28, 50)
(39, 20)
(17, 38)
(56, 76)
(71, 58)
(70, 62)
(56, 76)
(56, 76)
(91, 64)
(102, 68)
(110, 178)
(68, 61)
(71, 64)
(56, 76)
(165, 179)
(40, 20)
(56, 76)
(54, 177)
(67, 58)
(56, 76)
(38, 19)
(90, 67)
(22, 174)
(72, 66)
(20, 74)
(56, 76)
(56, 76)
(19, 17)
(90, 136)
(17, 122)
(56, 76)
(50, 44)
(70, 62)
(34, 20)
(79, 68)
(56, 76)
(63, 17)
(56, 76)
(17, 59)
(25, 78)
(67, 60)
(40, 66)
(72, 65)
(24, 44)
(56, 76)
(46, 26)
(49, 19)
(158, 152)
(56, 76)
(31, 42)
(56, 76)
(19, 174)
(56, 76)
(56, 76)
(56, 76)
(99, 66)
(17, 38)
(30, 52)
(34, 50)
(25, 29)
(20, 32)
(101, 53)
(56, 76)
(19, 40)
(51, 36)
(87, 68)
(37, 181)
(27, 77)
(25, 28)
(56, 76)
(67, 17)
(90, 63)
(42, 138)
(56, 76)
(56, 76)
(53, 69)
(57, 19)
(56, 76)
(22, 123)
(56, 76)
(56, 76)
(91, 68)
(93, 71)
(29, 56)
(118, 182)
(98, 69)
(40, 27)
(208, 170)
(59, 20)
(128, 137)
(50, 62)
(56, 76)
(92, 63)
(56, 76)
(56, 18)
(55, 177)
(80, 67)
(62, 115)
(24, 60)
(50, 32)
(25, 127)
(17, 30)
(144, 17)
(36, 21)
(56, 26)
(17, 86)
(17, 34)
(56, 76)
(56, 76)
(31, 23)
(111, 134)
(56, 76)
(44, 149)
(48, 105)
(55, 177)
(56, 76)
(37, 22)
(56, 76)
(21, 28)
(21, 30)
(20, 25)
(28, 82)
(50, 28)
(49, 49)
(19, 103)
(56, 76)
(92, 70)
(57, 21)
(35, 23)
(70, 63)
(56, 76)
(19, 19)
(73, 64)
(56, 76)
(72, 150)
(72, 66)
(56, 76)
(91, 66)
(70, 63)
(42, 28)
(63, 58)
(56, 76)
(49, 59)
(168, 34)
(104, 77)
(56, 76)
(66, 59)
(56, 76)
(56, 76)
(27, 97)
(68, 55)
(64, 58)
(116, 150)
(71, 64)
(105, 80)
(22, 124)
(18, 42)
(43, 53)
(19, 24)
(64, 58)
(71, 64)
(148, 51)
(17, 87)
(56, 73)
(56, 76)
(33, 24)
(71, 112)
(17, 95)
(37, 158)
(68, 111)
(43, 56)
(87, 180)
(56, 76)
(25, 119)
(18, 146)
(50, 64)
(17, 169)
(60, 66)
(101, 73)
(91, 65)
(56, 76)
(60, 19)
(56, 76)
(56, 76)
(100, 78)
(56, 76)
(56, 76)
(49, 19)
(24, 54)
(21, 30)
(51, 20)
(46, 115)
(22, 65)
(63, 58)
(134, 22)
(31, 24)
(46, 24)
(60, 17)
(20, 31)
(72, 56)
(17, 142)
(56, 76)
(84, 69)
(51, 53)
(56, 76)
(30, 91)
(56, 76)
(60, 64)
(20, 32)
(18, 21)
(21, 154)
(31, 53)
(17, 128)
(56, 76)
(20, 45)
(56, 76)
(42, 64)
(20, 67)
(84, 71)
(56, 76)
(17, 36)
(56, 76)
(71, 63)
(22, 179)
(23, 41)
(60, 26)
(151, 70)
(181, 175)
(44, 58)
(56, 76)
(64, 59)
(58, 67)
(33, 26)
(20, 19)
(56, 76)
(58, 64)
(28, 93)
(20, 157)
(62, 21)
(19, 32)
(71, 66)
(56, 76)
(56, 76)
(63, 17)
(101, 73)
(26, 69)
(23, 57)
(56, 76)
(58, 17)
(38, 18)
(66, 59)
(67, 60)
(18, 149)
(45, 22)
(18, 67)
(56, 76)
(57, 18)
(18, 87)
(20, 59)
(56, 76)
(193, 166)
(63, 22)
(56, 76)
(89, 66)
(56, 76)
(52, 23)
(66, 59)
(39, 24)
(157, 31)
(27, 50)
(35, 22)
(28, 108)
(26, 86)
(24, 45)
(17, 35)
(22, 85)
(56, 76)
(25, 71)
(56, 76)
(56, 76)
(56, 76)
(29, 70)
(90, 72)
(56, 76)
(56, 76)
(40, 64)
(23, 35)
(82, 69)
(18, 20)
(19, 27)
(72, 66)
(24, 32)
(66, 17)
(56, 76)
(61, 26)
(56, 76)
(72, 64)
(56, 76)
(53, 66)
(91, 62)
(50, 177)
(56, 76)
(56, 76)
(28, 89)
(56, 76)
(24, 54)
(63, 60)
(23, 17)
(57, 18)
(34, 47)
(56, 76)
(56, 76)
(27, 69)
(20, 27)
(60, 69)
(69, 62)
(17, 32)
(72, 65)
(42, 62)
(56, 76)
(35, 174)
(42, 17)
(45, 19)
(51, 34)
(64, 58)
(34, 45)
(31, 26)
(33, 71)
(56, 76)
(59, 20)
(49, 183)
(33, 23)
(56, 76)
(73, 66)
(51, 39)
(56, 76)
(73, 64)
(17, 52)
(17, 77)
(56, 76)
(73, 66)
(56, 76)
(44, 27)
(41, 28)
(59, 115)
(72, 66)
(28, 88)
(56, 76)
(56, 76)
(23, 24)
(34, 58)
(42, 45)
(40, 61)
(27, 27)
(65, 18)
(56, 76)
(31, 23)
(56, 76)
(72, 65)
(56, 76)
(56, 76)
(56, 76)
(64, 58)
(21, 89)
(21, 63)
(65, 59)
(53, 28)
(18, 20)
(36, 35)
(59, 20)
(21, 37)
(33, 32)
(23, 28)
(56, 76)
(37, 23)
(80, 122)
(89, 67)
(30, 48)
(26, 66)
(91, 62)
(50, 33)
(77, 121)
(56, 76)
(39, 22)
(24, 62)
(44, 19)
(19, 86)
(56, 76)
(91, 73)
(44, 58)
(56, 76)
(73, 66)
(20, 183)
(29, 30)
(125, 166)
(68, 57)
(23, 28)
(73, 66)
(17, 35)
(65, 59)
(56, 76)
(48, 53)
(32, 61)
(33, 28)
(20, 82)
(34, 22)
(56, 76)
(56, 76)
(51, 66)
(31, 46)
(135, 22)
(56, 76)
(23, 60)
(41, 19)
(90, 73)
(56, 76)
(56, 76)
(73, 61)
(100, 73)
(56, 76)
(72, 66)
(23, 56)
(24, 67)
(56, 76)
(28, 39)
(72, 57)
(17, 47)
(31, 174)
(24, 67)
(56, 76)
(50, 53)
(56, 76)
(56, 76)
(17, 79)
(50, 51)
(90, 65)
(73, 66)
(56, 76)
(66, 169)
(30, 20)
(27, 17)
(122, 57)
(66, 60)
(56, 76)
(50, 65)
(23, 68)
(25, 53)
(73, 66)
(24, 54)
(56, 76)
(44, 38)
(56, 76)
(19, 33)
(50, 67)
(56, 76)
(45, 19)
(29, 52)
(21, 30)
(56, 76)
(73, 64)
(51, 70)
(17, 33)
(50, 20)
(24, 65)
(56, 76)
(24, 182)
(38, 41)
(56, 76)
(64, 58)
(133, 22)
(23, 21)
(56, 76)
(43, 61)
(38, 19)
(44, 23)
(29, 78)
(44, 28)
(56, 76)
(68, 64)
(23, 55)
(24, 65)
(17, 42)
(27, 60)
(27, 67)
(52, 17)
(73, 61)
(73, 66)
(17, 34)
(21, 79)
(17, 41)
(44, 31)
(56, 76)
(99, 126)
(99, 56)
(18, 56)
(26, 50)
(56, 76)
(56, 76)
(56, 76)
(36, 50)
(32, 29)
(90, 71)
(56, 76)
(102, 72)
(88, 177)
(45, 19)
(22, 104)
(55, 72)
(17, 142)
(34, 30)
(56, 76)
(56, 76)
(22, 40)
(56, 76)
(72, 55)
(64, 18)
(56, 76)
(17, 136)
(49, 18)
(38, 62)
(26, 31)
(64, 57)
(20, 44)
(20, 175)
(24, 45)
(56, 76)
(56, 76)
(56, 76)
(56, 76)
(56, 76)
(30, 155)
(17, 57)
(17, 19)
(37, 54)
(54, 68)
(52, 116)
(70, 63)
(21, 49)
(21, 61)
(17, 53)
(51, 58)
(30, 74)
(63, 59)
(38, 18)
(56, 76)
(56, 76)
(42, 36)
(37, 124)
(56, 76)
(56, 76)
(24, 138)
(85, 69)
(26, 52)
(20, 52)
(17, 46)
(56, 76)
(56, 76)
(17, 81)
(75, 63)
(23, 26)
(86, 71)
(56, 76)
(56, 76)
(37, 22)
(56, 19)
(59, 18)
(32, 170)
(56, 23)
(56, 76)
(35, 138)
(67, 63)
(68, 61)
(56, 76)
(56, 76)
(56, 76)
(47, 19)
(89, 64)
(56, 76)
(28, 81)
(21, 86)
(44, 62)
(56, 76)
(30, 74)
(71, 64)
(75, 176)
(56, 76)
(53, 65)
(83, 65)
(39, 52)
(63, 18)
(73, 66)
(19, 48)
(19, 54)
(30, 35)
(56, 76)
(90, 63)
(72, 65)
(43, 17)
(129, 26)
(25, 35)
(23, 42)
(63, 160)
(18, 106)
(56, 76)
(56, 76)
(39, 32)
(56, 76)
(44, 68)
(46, 24)
(56, 76)
(88, 70)
(64, 58)
(67, 64)
(71, 64)
(56, 76)
(27, 36)
(56, 76)
(29, 47)
(44, 101)
(56, 76)
(56, 76)
(56, 76)
(56, 76)
(32, 78)
(74, 60)
(56, 76)
(56, 76)
(56, 76)
(56, 76)
(25, 78)
(56, 76)
(21, 89)
(73, 57)
(56, 76)
(56, 76)
(20, 84)
(18, 30)
(56, 76)
(56, 120)
(56, 76)
(53, 60)
(53, 63)
(46, 19)
(24, 54)
(26, 34)
(17, 64)
(24, 82)
(57, 65)
(18, 171)
(56, 76)
(47, 105)
(33, 77)
(53, 69)
(56, 76)
(53, 34)
(56, 76)
(56, 76)
(56, 76)
(56, 76)
(51, 19)
(71, 63)
(54, 72)
(23, 29)
(56, 76)
(26, 27)
(81, 70)
(63, 58)
(30, 47)
(22, 128)
(41, 18)
(63, 173)
(17, 51)
(102, 73)
(56, 76)
(56, 76)
(22, 56)
(103, 76)
(56, 76)
(25, 22)
(17, 20)
(64, 58)
(58, 21)
(23, 172)
(17, 173)
(56, 76)
(50, 23)
(39, 18)
(88, 71)
(53, 30)
(35, 21)
(39, 48)
(56, 76)
(41, 19)
(17, 66)
(88, 65)
(44, 17)
(44, 37)
(17, 77)
(65, 59)
(30, 83)
(72, 60)
(65, 59)
(56, 76)
(56, 76)
(91, 66)
(19, 42)
(35, 22)
(56, 76)
(56, 76)
(31, 24)
(67, 54)
(26, 78)
(27, 146)
(23, 84)
(30, 27)
(56, 76)
(103, 76)
(23, 58)
(67, 60)
(56, 76)
(25, 113)
(56, 76)
(27, 81)
(44, 114)
(56, 76)
(56, 76)
(56, 76)
(17, 32)
(68, 61)
(72, 66)
(50, 58)
(48, 23)
(67, 60)
(56, 76)
(56, 76)
(68, 61)
(77, 62)
(57, 18)
(66, 60)
(63, 58)
(56, 76)
(67, 60)
(56, 76)
(56, 76)
(44, 22)
(32, 18)
(42, 66)
(27, 50)
(44, 22)
(18, 34)
(24, 52)
(56, 76)
(17, 43)
(56, 76)
(56, 76)
(49, 42)
(56, 76)
(56, 76)
(66, 59)
(84, 183)
(185, 178)
(69, 62)
(56, 22)
(62, 17)
(27, 81)
(71, 64)
(73, 66)
(56, 76)
(46, 44)
(55, 72)
(53, 41)
(56, 76)
(69, 62)
(31, 63)
(56, 76)
(87, 66)
(41, 45)
(69, 113)
(43, 31)
(90, 66)
(92, 123)
(53, 56)
(19, 20)
(25, 69)
(18, 48)
(17, 54)
(23, 35)
(56, 76)
(43, 21)
(26, 30)
(30, 84)
(31, 47)
(102, 78)
(56, 76)
(43, 56)
(27, 43)
(50, 63)
(56, 76)
(145, 59)
(70, 56)
(55, 18)
(17, 39)
(30, 38)
(56, 76)
(158, 22)
(32, 64)
(56, 76)
(20, 28)
(30, 36)
(56, 76)
(114, 158)
(103, 78)
(125, 145)
(89, 64)
(36, 175)
(18, 70)
(50, 66)
(122, 31)
(82, 182)
(85, 70)
(18, 143)
(50, 104)
(19, 106)
(28, 64)
(157, 44)
(55, 17)
(58, 29)
(21, 59)
(33, 36)
(56, 76)
(26, 145)
(71, 64)
(104, 77)
(37, 29)
(82, 116)
(71, 65)
(56, 76)
(106, 143)
(25, 76)
(17, 23)
(92, 61)
(20, 53)
(56, 76)
(103, 76)
(18, 70)
(17, 50)
(17, 37)
(37, 149)
(42, 26)
(90, 67)
(81, 68)
(53, 50)
(97, 73)
(56, 76)
(28, 21)
(101, 68)
(30, 68)
(70, 62)
(123, 144)
(31, 77)
(53, 65)
(17, 53)
(54, 114)
(56, 76)
(146, 17)
(54, 176)
(40, 31)
(56, 76)
(56, 76)
(42, 38)
(18, 121)
(27, 73)
(56, 76)
(83, 70)
(45, 51)
(73, 66)
(27, 90)
(45, 19)
(56, 76)
(21, 27)
(21, 82)
(18, 44)
(146, 20)
(56, 76)
(22, 29)
(46, 17)
(56, 76)
(18, 143)
(41, 134)
(19, 58)
(18, 98)
(17, 167)
(51, 18)
(56, 76)
(55, 17)
(23, 172)
(96, 68)
(100, 54)
(74, 64)
(17, 66)
(34, 155)
(95, 65)
(56, 76)
(22, 75)
(20, 177)
(25, 126)
(20, 177)
(56, 76)
(158, 17)
(20, 114)
(21, 110)
(56, 76)
(56, 76)
(48, 45)
(68, 54)
(27, 60)
(179, 80)
(35, 29)
(69, 62)
(56, 76)
(56, 76)
(18, 76)
(76, 62)
(54, 31)
(57, 21)
(26, 51)
(88, 69)
(34, 21)
(20, 52)
(19, 32)
(34, 38)
(61, 22)
(56, 76)
(72, 66)
(73, 66)
(38, 54)
(40, 106)
(30, 47)
(38, 17)
(39, 66)
(35, 22)
(54, 29)
(103, 69)
(90, 65)
(41, 29)
(56, 76)
(35, 23)
(53, 54)
(17, 52)
(51, 32)
(56, 76)
(44, 27)
(56, 76)
(74, 55)
(56, 76)
(19, 49)
(54, 69)
(56, 76)
(56, 76)
(40, 56)
(21, 60)
(45, 38)
(64, 17)
(20, 46)
(100, 66)
(17, 139)
(40, 35)
(83, 64)
(85, 70)
(56, 76)
(23, 18)
(32, 78)
(73, 61)
(71, 57)
(21, 22)
(72, 65)
(66, 63)
(45, 36)
(89, 64)
(88, 66)
(20, 68)
(18, 58)
(72, 65)
(19, 50)
(67, 60)
(20, 31)
(70, 52)
(46, 24)
(19, 120)
(23, 37)
(30, 26)
(38, 39)
(50, 46)
(36, 26)
(40, 18)
(34, 26)
(33, 68)
(49, 67)
(42, 37)
(74, 58)
(90, 67)
(56, 76)
(56, 21)
(99, 76)
(22, 94)
(49, 70)
(44, 51)
(29, 31)
(56, 76)
(88, 183)
(28, 69)
(29, 49)
(44, 41)
(61, 18)
(48, 25)
(77, 124)
(203, 175)
(19, 85)
(26, 51)
(70, 63)
(72, 148)
(25, 17)
(39, 31)
(19, 25)
(92, 67)
(28, 67)
(86, 71)
(37, 19)
(31, 20)
(56, 76)
(90, 172)
(56, 76)
(18, 47)
(82, 67)
(67, 60)
(26, 36)
(20, 154)
(119, 49)
(78, 59)
(56, 76)
(56, 76)
(77, 171)
(53, 110)
(66, 169)
(56, 76)
(31, 166)
(48, 167)
(31, 29)
(51, 44)
(76, 68)
(93, 74)
(56, 76)
(56, 76)
(38, 56)
(68, 19)
(125, 142)
(33, 67)
(130, 31)
(53, 63)
(103, 78)
(20, 45)
(62, 111)
(22, 45)
(74, 60)
(26, 160)
(34, 48)
(31, 170)
(35, 22)
(65, 63)
(37, 149)
(108, 131)
(65, 20)
(22, 21)
(91, 64)
(21, 33)
(30, 41)
(29, 62)
(43, 123)
(24, 98)
(18, 89)
(24, 176)
(30, 125)
(19, 99)
(71, 61)
(92, 68)
(52, 19)
(22, 173)
(56, 76)
(19, 175)
(48, 39)
(56, 76)
(98, 182)
(116, 48)
(101, 66)
(17, 169)
(56, 76)
(24, 68)
(18, 119)
(56, 76)
(63, 120)
(102, 72)
(109, 45)
(114, 182)
(59, 66)
(20, 173)
(26, 165)
(28, 41)
(33, 178)
(66, 61)
(76, 128)
(20, 173)
(22, 55)
(49, 105)
(24, 107)
(17, 164)
(48, 54)
(22, 85)
(39, 61)
(20, 60)
(19, 17)
(18, 87)
(24, 60)
(18, 75)
(79, 65)
(155, 17)
(41, 50)
(49, 19)
(19, 120)
(17, 66)
(92, 121)
(59, 183)
(33, 86)
(71, 53)
(20, 166)
(108, 152)
(17, 157)
(104, 77)
(145, 19)
(30, 170)
(17, 68)
(19, 174)
(44, 60)
(25, 64)
(102, 69)
(96, 74)
(17, 169)
(38, 55)
(35, 59)
(129, 47)
(56, 76)
(50, 67)
(19, 62)
(56, 76)
(59, 69)
(33, 78)
(56, 76)
(134, 29)
(88, 65)
(75, 57)
(47, 24)
(99, 54)
(19, 31)
(59, 69)
(56, 76)
(61, 26)
(19, 32)
(19, 66)
(64, 58)
(39, 66)
(56, 76)
(68, 61)
(74, 55)
(167, 30)
(59, 70)
(64, 59)
(53, 18)
(45, 36)
(19, 91)
(101, 77)
(56, 76)
(42, 61)
(32, 52)
(26, 75)
(127, 167)
(66, 20)
(30, 84)
(88, 67)
(37, 35)
(124, 30)
(62, 62)
(25, 67)
(20, 38)
(97, 57)
(56, 76)
(69, 53)
(20, 60)
(24, 19)
(119, 139)
(29, 174)
(56, 76)
(44, 177)
(20, 70)
(56, 18)
(98, 67)
(56, 76)
(30, 77)
(56, 76)
(25, 17)
(57, 72)
(120, 180)
(72, 154)
(17, 43)
(149, 50)
(56, 76)
(93, 60)
(105, 147)
(28, 67)
(56, 76)
(56, 22)
(56, 76)
(56, 76)
(56, 76)
(69, 62)
(64, 62)
(24, 67)
(130, 183)
(35, 54)
(56, 76)
(17, 130)
(53, 69)
(110, 140)
(23, 122)
(101, 76)
(56, 76)
(72, 66)
(43, 52)
(67, 60)
(22, 38)
(56, 76)
(66, 60)
(122, 31)
(56, 76)
(31, 59)
(44, 54)
(47, 36)
(119, 50)
(25, 70)
(56, 76)
(95, 130)
(25, 39)
(49, 63)
(56, 76)
(52, 161)
(32, 181)
(71, 64)
(69, 58)
(72, 65)
(104, 77)
(72, 65)
(31, 21)
(113, 147)
(23, 44)
(56, 76)
(33, 76)
(44, 183)
(49, 54)
(20, 84)
(66, 17)
(43, 66)
(120, 34)
(17, 27)
(103, 77)
(56, 76)
(56, 76)
(56, 76)
(56, 76)
(73, 66)
(48, 133)
(151, 69)
(30, 177)
(56, 76)
(66, 60)
(26, 85)
(56, 76)
(35, 32)
(18, 45)
(68, 18)
(50, 63)
(25, 117)
(44, 175)
(36, 39)
(182, 163)
(50, 104)
(56, 155)
(29, 25)
(72, 65)
(56, 76)
(18, 74)
(70, 56)
(83, 182)
(56, 76)
(117, 44)
(34, 60)
(17, 108)
(28, 43)
(30, 103)
(68, 55)
(24, 66)
(73, 58)
(19, 22)
(53, 65)
(23, 71)
(82, 143)
(56, 76)
(30, 148)
(28, 127)
(156, 27)
(96, 76)
(103, 78)
(37, 41)
(84, 67)
(167, 160)
(18, 53)
(19, 90)
(51, 34)
(96, 76)
(18, 40)
(49, 144)
(43, 125)
(66, 154)
(31, 21)
(18, 111)
(40, 27)
(56, 76)
(92, 121)
(71, 64)
(21, 58)
(19, 84)
(20, 97)
(40, 43)
(33, 68)
(72, 65)
(56, 76)
(56, 76)
(56, 76)
(25, 182)
(63, 58)
(33, 75)
(69, 58)
(60, 64)
(22, 49)
(17, 144)
(31, 68)
(129, 140)
(17, 138)
(37, 101)
(66, 58)
(49, 67)
(23, 20)
(22, 77)
(17, 121)
(56, 76)
(18, 46)
(53, 109)
(17, 176)
(22, 55)
(26, 183)
(36, 104)
(31, 171)
(18, 56)
(105, 79)
(48, 44)
(17, 140)
(21, 129)
(20, 107)
(25, 114)
(56, 76)
(40, 135)
(18, 41)
(18, 54)
(56, 68)
(17, 164)
(22, 179)
(56, 76)
(17, 145)
(50, 51)
(55, 146)
(17, 179)
(23, 26)
(56, 76)
(18, 168)
(19, 62)
(30, 170)
(119, 178)
(41, 20)
(69, 65)
(17, 56)
(54, 70)
(52, 35)
(68, 61)
(56, 76)
(18, 140)
(35, 179)
(19, 78)
(17, 102)
(53, 52)
(27, 31)
(103, 71)
(70, 170)
(102, 53)
(93, 66)
(34, 166)
(77, 124)
(81, 125)
(104, 77)
(52, 59)
(130, 27)
(25, 59)
(64, 59)
(25, 62)
(100, 156)
(63, 19)
(56, 76)
(50, 19)
(69, 62)
(67, 54)
(65, 17)
(26, 74)
(56, 76)
(54, 21)
(55, 72)
(21, 58)
(56, 76)
(69, 64)
(69, 62)
(29, 42)
(28, 62)
(22, 183)
(17, 67)
(38, 52)
(19, 64)
(179, 159)
(92, 139)
(18, 108)
(33, 51)
(60, 65)
(19, 83)
(64, 58)
(66, 57)
(115, 44)
(73, 58)
(71, 64)
(78, 116)
(99, 74)
(52, 41)
(91, 120)
(67, 60)
(47, 68)
(56, 76)
(71, 53)
(82, 124)
(17, 51)
(39, 51)
(23, 90)
(18, 32)
(87, 71)
(65, 59)
(90, 67)
(20, 26)
(56, 76)
(31, 47)
(21, 19)
(17, 21)
(21, 31)
(56, 147)
(21, 31)
(29, 21)
(36, 106)
(46, 108)
(60, 24)
(135, 175)
(64, 151)
(27, 130)
(65, 22)
(56, 76)
(164, 21)
(39, 30)
(63, 63)
(19, 167)
(85, 70)
(90, 123)
(73, 65)
(56, 76)
(120, 183)
(91, 67)
(65, 62)
(91, 67)
(56, 76)
(56, 76)
(82, 138)
(22, 36)
(55, 17)
(29, 148)
(52, 69)
(22, 35)
(67, 54)
(62, 62)
(52, 62)
(56, 76)
(47, 19)
(79, 145)
(43, 101)
(49, 20)
(54, 120)
(115, 145)
(72, 66)
(39, 66)
(115, 140)
(29, 24)
(17, 51)
(24, 54)
(20, 26)
(66, 17)
(25, 53)
(18, 28)
(150, 150)
(19, 53)
(56, 76)
(20, 41)
(49, 105)
(50, 53)
(94, 70)
(42, 29)
(66, 177)
(22, 17)
(32, 91)
(94, 70)
(28, 36)
(18, 30)
(59, 69)
(20, 78)
(72, 57)
(72, 53)
(72, 65)
(51, 24)
(19, 62)
(35, 42)
(73, 62)
(136, 182)
(68, 61)
(56, 76)
(114, 52)
(49, 173)
(89, 71)
(37, 24)
(40, 62)
(27, 122)
(94, 59)
(32, 85)
(48, 57)
(22, 175)
(17, 174)
(170, 30)
(29, 76)
(22, 58)
(90, 69)
(20, 97)
(53, 61)
(56, 76)
(28, 32)
(60, 138)
(19, 183)
(24, 31)
(18, 53)
(48, 103)
(113, 40)
(23, 146)
(43, 60)
(23, 178)
(17, 164)
(179, 178)
(21, 55)
(77, 128)
(56, 76)
(20, 166)
(29, 53)
(101, 77)
(90, 71)
(139, 39)
(66, 59)
(170, 25)
(68, 111)
(71, 53)
(27, 49)
(17, 42)
(41, 32)
(33, 38)
(26, 133)
(17, 102)
(19, 179)
(22, 48)
(72, 65)
(61, 161)
(17, 180)
(99, 74)
(21, 80)
(105, 79)
(59, 19)
(58, 23)
(19, 99)
(167, 161)
(56, 76)
(53, 71)
(83, 174)
(54, 68)
(28, 60)
(62, 130)
(73, 120)
(51, 60)
(72, 66)
(23, 82)
(69, 62)
(50, 62)
(61, 19)
(18, 124)
(73, 172)
(17, 74)
(87, 120)
(17, 69)
(68, 60)
(25, 59)
(56, 76)
(23, 38)
(86, 69)
(22, 59)
(53, 46)
(21, 177)
(55, 123)
(56, 76)
(67, 60)
(56, 76)
(187, 169)
(38, 32)
(39, 47)
(129, 47)
(40, 51)
(71, 66)
(155, 181)
(34, 59)
(180, 182)
(56, 76)
(55, 68)
(49, 33)
(33, 72)
(33, 42)
(149, 171)
(141, 180)
(31, 181)
(64, 59)
(26, 34)
(56, 76)
(17, 24)
(184, 159)
(70, 168)
(73, 66)
(73, 66)
(56, 76)
(98, 74)
(76, 145)
(27, 51)
(18, 149)
(167, 33)
(93, 69)
(56, 76)
(110, 159)
(17, 169)
(42, 62)
(91, 65)
(65, 64)
(99, 70)
(61, 67)
(50, 17)
(56, 76)
(18, 48)
(48, 20)
(29, 126)
(99, 70)
(45, 36)
(57, 23)
(53, 166)
(56, 155)
(81, 64)
(25, 52)
(17, 181)
(29, 59)
(92, 71)
(72, 66)
(18, 60)
(65, 19)
(71, 63)
(86, 69)
(72, 66)
(82, 121)
(90, 67)
(24, 106)
(84, 131)
(56, 76)
(56, 76)
(65, 174)
(56, 76)
(72, 65)
(119, 57)
(29, 172)
(124, 51)
(175, 180)
(91, 67)
(35, 36)
(100, 180)
(23, 40)
(17, 59)
(31, 47)
(56, 76)
(104, 77)
(179, 18)
(28, 25)
(25, 66)
(24, 39)
(53, 53)
(62, 123)
(24, 116)
(40, 52)
(65, 60)
(56, 76)
(53, 24)
(56, 76)
(56, 65)
(17, 17)
(68, 56)
(17, 92)
(20, 19)
(22, 77)
(32, 83)
(198, 166)
(104, 77)
(28, 144)
(29, 54)
(35, 60)
(46, 182)
(17, 173)
(56, 76)
(146, 182)
(17, 23)
(73, 66)
(213, 180)
(113, 131)
(133, 28)
(54, 31)
(32, 170)
(56, 147)
(30, 18)
(56, 76)
(90, 72)
(29, 87)
(19, 37)
(36, 43)
(132, 159)
(39, 48)
(34, 60)
(56, 76)
(89, 64)
(25, 66)
(20, 171)
(72, 65)
(113, 42)
(26, 22)
(102, 60)
(36, 17)
(19, 84)
(58, 21)
(119, 167)
(25, 37)
(29, 41)
(28, 143)
(91, 68)
(77, 119)
(38, 23)
(45, 30)
(24, 33)
(56, 76)
(33, 18)
(54, 114)
(56, 76)
(66, 61)
(92, 68)
(56, 76)
(108, 171)
(48, 29)
(103, 79)
(166, 27)
(47, 17)
(17, 79)
(36, 174)
(56, 76)
(189, 178)
(73, 66)
(56, 76)
(173, 156)
(171, 177)
(104, 77)
(22, 46)
(91, 73)
(58, 113)
(162, 156)
(114, 176)
(32, 98)
(88, 119)
(17, 39)
(100, 63)
(17, 51)
(47, 58)
(20, 178)
(87, 67)
(56, 76)
(174, 24)
(56, 76)
(22, 150)
(56, 76)
(101, 72)
(140, 141)
(170, 172)
(93, 73)
(18, 148)
(51, 58)
(72, 65)
(71, 59)
(38, 168)
(90, 73)
(169, 152)
(99, 71)
(137, 21)
(56, 76)
(46, 139)
(17, 24)
(19, 123)
(81, 182)
(90, 63)
(23, 176)
(31, 79)
(50, 26)
(43, 133)
(27, 153)
(56, 76)
(166, 26)
(60, 17)
(17, 118)
(45, 60)
(149, 160)
(56, 76)
(86, 71)
(87, 69)
(57, 107)
(33, 88)
(221, 181)
(27, 59)
(56, 76)
(18, 68)
(65, 59)
(47, 169)
(20, 26)
(138, 36)
(69, 111)
(60, 110)
(55, 18)
(96, 170)
(89, 68)
(77, 172)
(29, 65)
(26, 98)
(58, 28)
(21, 148)
(18, 96)
(72, 66)
(43, 21)
(104, 77)
(81, 65)
(50, 40)
(38, 33)
(18, 99)
(86, 72)
(56, 76)
(26, 27)
(56, 76)
(70, 17)
(94, 70)
(128, 136)
(24, 43)
(69, 167)
(41, 58)
(56, 76)
(103, 181)
(91, 67)
(50, 25)
(62, 62)
(23, 73)
(18, 55)
(22, 126)
(50, 35)
(28, 104)
(56, 76)
(56, 76)
(31, 93)
(42, 47)
(56, 76)
(57, 72)
(30, 60)
(72, 65)
(27, 94)
(56, 76)
(47, 69)
(76, 67)
(51, 63)
(101, 78)
(36, 106)
(101, 72)
(17, 38)
(63, 112)
(51, 64)
(51, 109)
(21, 30)
(56, 76)
(27, 64)
(33, 50)
(63, 20)
(17, 118)
(34, 156)
(73, 66)
(102, 57)
(45, 107)
(38, 111)
(50, 26)
(42, 170)
(68, 57)
(56, 76)
(87, 70)
(56, 76)
(89, 72)
(38, 42)
(133, 146)
(42, 37)
(17, 83)
(19, 148)
(104, 125)
(90, 67)
(53, 182)
(17, 182)
(25, 69)
(56, 76)
(56, 76)
(33, 161)
(17, 69)
(56, 76)
(56, 76)
(91, 74)
(50, 21)
(59, 22)
(73, 160)
(45, 183)
(56, 76)
(121, 176)
(75, 57)
(19, 88)
(26, 137)
(18, 55)
(166, 158)
(71, 63)
(56, 76)
(56, 76)
(56, 76)
(71, 65)
(92, 64)
(26, 74)
(20, 30)
(46, 33)
(51, 53)
(28, 51)
(56, 76)
(119, 173)
(50, 17)
(53, 22)
(36, 64)
(109, 47)
(19, 166)
(56, 76)
(24, 25)
(18, 133)
(27, 28)
(128, 140)
(103, 79)
(68, 161)
(23, 74)
(31, 66)
(32, 19)
(72, 65)
(54, 21)
(27, 52)
(59, 166)
(37, 164)
(195, 183)
(47, 183)
(79, 181)
(37, 114)
(54, 28)
(28, 49)
(25, 58)
(19, 165)
(32, 108)
(17, 182)
(164, 156)
(37, 106)
(72, 65)
(43, 162)
(56, 76)
(72, 66)
(164, 163)
(79, 69)
(66, 62)
(22, 22)
(44, 106)
(27, 74)
(48, 119)
(100, 67)
(64, 58)
(56, 76)
(59, 110)
(45, 24)
(32, 108)
(56, 76)
(35, 49)
(62, 159)
(23, 94)
(67, 60)
(19, 69)
(65, 59)
(50, 174)
(104, 77)
(45, 19)
(56, 76)
(188, 98)
(164, 156)
(175, 179)
(67, 60)
(25, 98)
(23, 70)
(50, 175)
(56, 76)
(34, 48)
(41, 108)
(119, 141)
(27, 56)
(174, 25)
(39, 60)
(22, 95)
(89, 135)
(97, 61)
(56, 76)
(17, 24)
(47, 173)
(67, 60)
(26, 71)
(33, 53)
(45, 53)
(73, 120)
(23, 19)
(97, 73)
(56, 76)
(69, 62)
(72, 66)
(17, 24)
(28, 62)
(50, 30)
(34, 19)
(88, 71)
(44, 48)
(29, 70)
(18, 17)
(23, 39)
(48, 18)
(58, 141)
(26, 58)
(164, 156)
(18, 107)
(56, 76)
(41, 41)
(63, 22)
(34, 39)
(56, 76)
(67, 61)
(56, 76)
(93, 60)
(23, 27)
(56, 76)
(18, 164)
(42, 30)
(44, 55)
(28, 123)
(87, 69)
(57, 19)
(44, 54)
(92, 61)
(56, 76)
(56, 76)
(46, 17)
(31, 66)
(56, 76)
(28, 70)
(46, 45)
(17, 182)
(57, 18)
(56, 76)
(25, 74)
(196, 183)
(46, 103)
(17, 40)
(56, 76)
(19, 179)
(52, 60)
(70, 59)
(56, 76)
(53, 37)
(64, 58)
(43, 35)
(56, 76)
(56, 76)
(137, 21)
(66, 59)
(22, 29)
(34, 170)
(24, 177)
(18, 63)
(56, 76)
(19, 102)
(56, 76)
(56, 76)
(176, 172)
(17, 53)
(69, 62)
(56, 76)
(26, 20)
(31, 70)
(56, 76)
(165, 30)
(17, 34)
(92, 62)
(34, 22)
(24, 70)
(87, 174)
(63, 22)
(80, 173)
(62, 22)
(20, 178)
(56, 76)
(29, 23)
(122, 142)
(21, 86)
(17, 164)
(99, 74)
(27, 66)
(56, 76)
(17, 46)
(130, 37)
(58, 21)
(56, 110)
(48, 63)
(85, 178)
(56, 76)
(37, 56)
(91, 64)
(17, 164)
(74, 168)
(56, 76)
(97, 72)
(63, 58)
(61, 60)
(33, 77)
(69, 57)
(30, 95)
(27, 169)
(19, 79)
(45, 101)
(26, 19)
(120, 59)
(17, 173)
(49, 68)
(29, 98)
(56, 76)
(138, 42)
(119, 41)
(33, 61)
(159, 39)
(47, 20)
(18, 78)
(19, 44)
(56, 76)
(57, 28)
(33, 61)
(44, 44)
(22, 92)
(55, 27)
(52, 119)
(21, 52)
(31, 78)
(24, 80)
(70, 58)
(52, 48)
(25, 98)
(31, 118)
(17, 99)
(188, 177)
(69, 138)
(37, 41)
(73, 66)
(17, 169)
(73, 66)
(92, 69)
(17, 24)
(45, 67)
(56, 68)
(56, 76)
(34, 51)
(18, 33)
(43, 32)
(18, 39)
(58, 18)
(17, 26)
(92, 69)
(56, 76)
(33, 73)
(56, 76)
(115, 183)
(28, 68)
(49, 32)
(23, 42)
(65, 57)
(24, 158)
(18, 56)
(119, 51)
(45, 60)
(20, 142)
(55, 173)
(92, 69)
(33, 60)
(102, 183)
(17, 83)
(119, 55)
(75, 124)
(42, 139)
(46, 106)
(24, 63)
(53, 45)
(48, 64)
(28, 79)
(26, 61)
(28, 125)
(76, 65)
(56, 76)
(54, 174)
(54, 25)
(46, 19)
(20, 26)
(65, 59)
(43, 22)
(23, 148)
(34, 44)
(50, 17)
(48, 132)
(50, 182)
(23, 25)
(47, 21)
(39, 59)
(22, 137)
(22, 92)
(71, 58)
(18, 17)
(49, 22)
(35, 161)
(42, 42)
(56, 76)
(19, 21)
(74, 62)
(18, 17)
(40, 41)
(95, 63)
(97, 72)
(88, 67)
(19, 84)
(150, 44)
(56, 76)
(25, 51)
(56, 76)
(29, 23)
(34, 32)
(18, 125)
(73, 66)
(17, 169)
(56, 76)
(49, 58)
(25, 43)
(154, 19)
(55, 70)
(37, 19)
(20, 43)
(23, 73)
(27, 182)
(137, 180)
(65, 18)
(56, 76)
(93, 67)
(35, 115)
(134, 143)
(57, 17)
(61, 61)
(176, 172)
(94, 64)
(92, 61)
(25, 46)
(53, 69)
(29, 141)
(25, 116)
(64, 20)
(47, 111)
(45, 19)
(43, 22)
(21, 132)
(160, 156)
(26, 51)
(78, 117)
(72, 63)
(28, 85)
(57, 67)
(21, 49)
(21, 49)
(32, 177)
(20, 101)
(24, 28)
(51, 18)
(114, 46)
(18, 19)
(30, 124)
(56, 76)
(19, 20)
(27, 63)
(24, 75)
(152, 62)
(28, 89)
(102, 77)
(84, 70)
(56, 76)
(54, 25)
(71, 115)
(72, 169)
(91, 65)
(52, 69)
(56, 76)
(29, 22)
(20, 66)
(48, 40)
(27, 154)
(53, 63)
(77, 61)
(17, 170)
(69, 60)
(103, 77)
(117, 48)
(89, 65)
(17, 78)
(65, 59)
(50, 115)
(38, 27)
(56, 76)
(26, 20)
(28, 42)
(20, 94)
(75, 179)
(56, 76)
(20, 183)
(21, 175)
(41, 99)
(56, 76)
(56, 76)
(52, 19)
(83, 65)
(21, 67)
(48, 51)
(68, 61)
(22, 80)
(17, 85)
(56, 76)
(21, 18)
(101, 53)
(89, 66)
(56, 76)
(29, 37)
(69, 18)
(26, 27)
(66, 55)
(66, 60)
(20, 43)
(19, 57)
(56, 76)
(25, 170)
(47, 19)
(56, 76)
(47, 19)
(43, 65)
(56, 76)
(56, 76)
(54, 31)
(31, 79)
(56, 76)
(56, 76)
(56, 76)
(50, 23)
(51, 106)
(17, 174)
(56, 76)
(81, 129)
(25, 26)
(53, 57)
(17, 55)
(52, 22)
(21, 173)
(44, 40)
(18, 31)
(69, 58)
(72, 66)
(46, 65)
(25, 52)
(125, 164)
(68, 18)
(73, 66)
(56, 76)
(56, 76)
(66, 59)
(37, 31)
(108, 46)
(53, 55)
(67, 179)
(56, 76)
(30, 37)
(70, 63)
(92, 63)
(25, 75)
(71, 63)
(30, 19)
(56, 76)
(36, 58)
(56, 76)
(70, 17)
(56, 76)
(155, 40)
(42, 32)
(103, 72)
(17, 72)
(56, 76)
(29, 63)
(25, 57)
(44, 18)
(57, 67)
(33, 26)
(56, 76)
(66, 59)
(56, 76)
(56, 76)
(50, 57)
(37, 22)
(23, 88)
(41, 34)
(44, 19)
(31, 39)
(60, 61)
(24, 54)
(40, 38)
(52, 66)
(56, 76)
(33, 33)
(65, 59)
(55, 21)
(41, 37)
(55, 18)
(56, 76)
(30, 51)
(37, 22)
(97, 66)
(41, 20)
(18, 82)
(70, 63)
(68, 64)
(50, 66)
(25, 156)
(44, 68)
(49, 30)
(56, 76)
(91, 68)
(56, 76)
(22, 17)
(56, 76)
(70, 62)
(41, 19)
(56, 76)
(56, 26)
(39, 42)
(68, 61)
(44, 66)
(90, 63)
(56, 76)
(63, 61)
(124, 146)
(27, 78)
(48, 18)
(119, 47)
(56, 76)
(31, 27)
(56, 76)
(92, 65)
(52, 61)
(71, 63)
(27, 67)
(32, 21)
(116, 159)
(22, 26)
(22, 56)
(56, 76)
(89, 72)
(45, 49)
(72, 65)
(91, 73)
(64, 58)
(24, 54)
(24, 54)
(92, 64)
(29, 58)
(56, 76)
(81, 68)
(53, 39)
(23, 87)
(30, 48)
(18, 56)
(56, 76)
(117, 52)
(17, 36)
(25, 27)
(19, 61)
(145, 58)
(89, 65)
(75, 60)
(19, 42)
(90, 63)
(71, 64)
(23, 17)
(74, 56)
(56, 76)
(28, 59)
(56, 76)
(69, 154)
(91, 63)
(56, 76)
(44, 17)
(42, 36)
(56, 76)
(56, 76)
(56, 76)
(17, 88)
(75, 66)
(68, 61)
(47, 28)
(58, 18)
(56, 76)
(17, 71)
(38, 20)
(56, 76)
(56, 76)
(56, 76)
(82, 69)
(39, 62)
(56, 76)
(45, 171)
(92, 67)
(26, 28)
(52, 23)
(37, 55)
(83, 70)
(103, 72)
(44, 51)
(73, 66)
(90, 63)
(56, 76)
(62, 21)
(35, 34)
(99, 67)
(121, 47)
(25, 68)
(35, 22)
(71, 64)
(56, 76)
(95, 65)
(56, 76)
(21, 20)
(69, 62)
(41, 19)
(24, 43)
(29, 34)
(105, 80)
(63, 58)
(21, 42)
(72, 66)
(32, 97)
(22, 35)
(73, 66)
(90, 63)
(56, 76)
(56, 76)
(48, 19)
(47, 18)
(62, 133)
(102, 60)
(50, 39)
(51, 56)
(17, 31)
(56, 27)
(49, 21)
(38, 57)
(56, 76)
(55, 23)
(34, 109)
(53, 17)
(20, 98)
(56, 76)
(34, 22)
(43, 106)
(124, 32)
(100, 56)
(160, 39)
(43, 17)
(19, 172)
(56, 76)
(26, 44)
(56, 76)
(20, 30)
(17, 92)
(36, 97)
(17, 97)
(56, 76)
(28, 66)
(56, 76)
(56, 76)
(113, 52)
(31, 125)
(37, 41)
(25, 58)
(56, 17)
(26, 55)
(44, 125)
(36, 21)
(29, 59)
(194, 163)
(71, 63)
(71, 64)
(61, 66)
(19, 137)
(56, 76)
(150, 43)
(42, 26)
(48, 60)
(83, 69)
(71, 65)
(39, 110)
(38, 63)
(17, 35)
(19, 52)
(64, 59)
(70, 63)
(56, 76)
(60, 20)
(68, 18)
(69, 62)
(56, 76)
(56, 76)
(29, 28)
(160, 17)
(17, 62)
(45, 45)
(95, 64)
(150, 161)
(56, 76)
(21, 30)
(20, 32)
(90, 73)
(58, 18)
(22, 68)
(56, 76)
(18, 25)
(56, 76)
(103, 72)
(56, 76)
(63, 17)
(60, 17)
(102, 71)
(25, 54)
(56, 76)
(56, 76)
(56, 76)
(36, 36)
(76, 66)
(30, 57)
(87, 66)
(33, 175)
(56, 76)
(169, 160)
(26, 47)
(38, 64)
(56, 76)
(67, 60)
(51, 65)
(56, 76)
(56, 76)
(72, 66)
(73, 63)
(120, 53)
(49, 70)
(22, 53)
(56, 76)
(31, 52)
(21, 49)
(40, 61)
(56, 76)
(56, 76)
(64, 58)
(54, 67)
(56, 76)
(38, 29)
(30, 52)
(56, 76)
(32, 51)
(95, 70)
(56, 76)
(21, 67)
(56, 76)
(56, 76)
(68, 61)
(56, 76)
(42, 53)
(68, 58)
(56, 76)
(65, 19)
(56, 76)
(100, 148)
(43, 34)
(17, 78)
(86, 69)
(62, 64)
(26, 26)
(17, 63)
(17, 80)
(82, 70)
(63, 58)
(89, 72)
(56, 76)
(163, 24)
(56, 76)
(17, 50)
(53, 70)
(134, 25)
(31, 33)
(101, 58)
(47, 167)
(33, 28)
(39, 40)
(56, 76)
(55, 18)
(56, 31)
(56, 76)
(56, 76)
(56, 76)
(53, 60)
(22, 46)
(20, 72)
(102, 67)
(56, 76)
(39, 66)
(56, 76)
(19, 81)
(17, 35)
(38, 22)
(56, 76)
(29, 49)
(56, 76)
(98, 123)
(44, 20)
(90, 67)
(56, 76)
(23, 101)
(27, 39)
(56, 67)
(24, 173)
(56, 76)
(56, 76)
(64, 62)
(18, 52)
(52, 64)
(51, 19)
(104, 79)
(24, 66)
(50, 21)
(56, 76)
(63, 58)
(17, 43)
(32, 23)
(17, 37)
(56, 76)
(63, 58)
(28, 44)
(57, 21)
(56, 76)
(26, 65)
(56, 76)
(40, 65)
(28, 61)
(71, 64)
(57, 18)
(86, 68)
(101, 63)
(45, 45)
(17, 96)
(56, 76)
(56, 76)
(17, 35)
(56, 76)
(56, 76)
(56, 76)
(18, 182)
(64, 64)
(33, 54)
(47, 122)
(56, 76)
(72, 66)
(23, 34)
(66, 61)
(68, 54)
(72, 66)
(102, 58)
(122, 32)
(44, 136)
(56, 76)
(56, 76)
(20, 47)
(17, 51)
(30, 66)
(32, 54)
(56, 76)
(18, 134)
(20, 164)
(64, 62)
(28, 46)
(44, 17)
(53, 22)
(47, 19)
(75, 63)
(73, 66)
(22, 84)
(48, 106)
(60, 27)
(56, 76)
(30, 175)
(22, 65)
(29, 19)
(17, 29)
(38, 53)
(92, 68)
(65, 59)
(18, 63)
(36, 22)
(28, 94)
(28, 71)
(61, 61)
(88, 67)
(28, 65)
(55, 21)
(26, 17)
(49, 24)
(56, 76)
(56, 76)
(34, 61)
(32, 41)
(28, 63)
(56, 76)
(73, 66)
(49, 23)
(70, 62)
(66, 18)
(45, 17)
(56, 76)
(38, 19)
(46, 43)
(66, 60)
(22, 56)
(63, 62)
(30, 136)
(66, 60)
(19, 86)
(56, 76)
(60, 69)
(64, 18)
(69, 62)
(87, 69)
(64, 58)
(56, 76)
(21, 181)
(56, 76)
(56, 76)
(71, 64)
(56, 76)
(19, 64)
(56, 76)
(56, 76)
(56, 76)
(70, 57)
(17, 77)
(56, 76)
(93, 68)
(56, 76)
(43, 173)
(33, 33)
(62, 169)
(59, 17)
(72, 66)
(17, 59)
(71, 64)
(73, 66)
(20, 76)
(75, 57)
(47, 19)
(42, 51)
(37, 58)
(17, 38)
(32, 116)
(77, 68)
(29, 54)
(33, 22)
(61, 26)
(56, 73)
(17, 57)
(30, 23)
(103, 74)
(21, 58)
(28, 58)
(56, 76)
(44, 19)
(60, 67)
(50, 18)
(63, 58)
(19, 26)
(56, 76)
(26, 52)
(25, 68)
(19, 76)
(31, 17)
(72, 54)
(33, 73)
(46, 59)
(44, 47)
(17, 23)
(17, 34)
(56, 76)
(21, 155)
(28, 91)
(49, 61)
(18, 56)
(21, 25)
(85, 67)
(73, 66)
(41, 19)
(22, 30)
(56, 76)
(21, 69)
(22, 72)
(22, 56)
(63, 58)
(17, 87)
(73, 66)
(35, 22)
(38, 62)
(39, 20)
(120, 56)
(56, 76)
(56, 76)
(24, 177)
(63, 22)
(28, 183)
(56, 76)
(49, 66)
(40, 20)
(31, 90)
(56, 76)
(56, 76)
(47, 69)
(70, 62)
(172, 107)
(59, 70)
(17, 59)
(70, 63)
(42, 22)
(37, 22)
(18, 62)
(60, 20)
(71, 64)
(56, 76)
(56, 76)
(19, 74)
(23, 56)
(56, 76)
(89, 70)
(32, 35)
(29, 25)
(64, 58)
(51, 49)
(64, 59)
(56, 76)
(56, 76)
(25, 53)
(26, 54)
(99, 74)
(26, 52)
(57, 30)
(56, 76)
(45, 102)
(56, 76)
(44, 23)
(17, 46)
(47, 19)
(56, 76)
(101, 70)
(89, 64)
(33, 110)
(31, 65)
(84, 66)
(28, 65)
(46, 57)
(63, 176)
(17, 73)
(56, 76)
(17, 34)
(70, 63)
(24, 73)
(54, 17)
(56, 76)
(90, 68)
(44, 45)
(56, 76)
(75, 62)
(33, 17)
(18, 43)
(71, 63)
(56, 76)
(17, 33)
(56, 76)
(26, 27)
(161, 174)
(56, 76)
(17, 102)
(61, 68)
(17, 42)
(45, 135)
(17, 94)
(17, 69)
(98, 63)
(21, 28)
(63, 58)
(34, 55)
(72, 65)
(89, 67)
(27, 71)
(169, 26)
(33, 26)
(18, 32)
(20, 51)
(44, 19)
(60, 18)
(45, 51)
(54, 23)
(21, 17)
(25, 33)
(56, 76)
(54, 17)
(56, 76)
(82, 63)
(56, 76)
(64, 17)
(24, 29)
(46, 59)
(32, 81)
(56, 76)
(141, 54)
(33, 139)
(56, 76)
(22, 44)
(56, 76)
(19, 52)
(17, 97)
(53, 20)
(55, 22)
(52, 19)
(37, 55)
(53, 179)
(36, 24)
(71, 63)
(55, 21)
(56, 76)
(50, 17)
(73, 55)
(68, 17)
(134, 22)
(64, 58)
(56, 76)
(26, 17)
(46, 28)
(89, 65)
(18, 160)
(72, 53)
(56, 76)
(73, 66)
(46, 163)
(38, 18)
(34, 40)
(56, 76)
(56, 76)
(56, 76)
(32, 25)
(26, 95)
(49, 39)
(58, 71)
(26, 52)
(24, 33)
(72, 66)
(70, 63)
(56, 76)
(65, 62)
(56, 76)
(56, 76)
(61, 17)
(178, 19)
(21, 65)
(56, 76)
(56, 76)
(56, 76)
(56, 76)
(35, 22)
(56, 76)
(40, 56)
(22, 94)
(68, 61)
(81, 69)
(17, 91)
(56, 76)
(30, 48)
(56, 76)
(56, 76)
(24, 21)
(104, 78)
(53, 21)
(56, 76)
(22, 31)
(40, 20)
(122, 57)
(19, 63)
(42, 56)
(19, 85)
(103, 78)
(21, 81)
(56, 76)
(39, 52)
(56, 76)
(41, 20)
(17, 34)
(17, 20)
(17, 33)
(30, 17)
(57, 68)
(56, 76)
(56, 76)
(68, 61)
(20, 31)
(17, 38)
(72, 66)
(18, 41)
(19, 32)
(73, 66)
(91, 68)
(124, 29)
(25, 66)
(17, 34)
(67, 20)
(20, 175)
(58, 183)
(44, 19)
(30, 17)
(75, 62)
(185, 160)
(41, 19)
(99, 77)
(92, 61)
(47, 106)
(54, 70)
(64, 58)
(50, 50)
(56, 76)
(17, 125)
(91, 68)
(65, 59)
(87, 72)
(65, 59)
(88, 68)
(72, 64)
(72, 66)
(17, 97)
(73, 66)
(56, 76)
(32, 92)
(17, 41)
(72, 66)
(69, 61)
(17, 17)
(30, 74)
(21, 28)
(64, 58)
(56, 76)
(51, 51)
(56, 76)
(101, 77)
(60, 68)
(37, 117)
(74, 129)
(101, 57)
(24, 50)
(58, 70)
(56, 76)
(56, 76)
(17, 139)
(17, 55)
(63, 59)
(91, 69)
(55, 71)
(56, 76)
(56, 76)
(124, 175)
(56, 76)
(56, 76)
(47, 19)
(56, 76)
(53, 50)
(49, 32)
(24, 134)
(73, 66)
(103, 73)
(17, 102)
(56, 76)
(56, 21)
(56, 76)
(56, 76)
(41, 20)
(101, 66)
(19, 64)
(41, 17)
(80, 176)
(43, 19)
(57, 65)
(39, 171)
(78, 64)
(56, 76)
(56, 76)
(43, 53)
(44, 22)
(49, 51)
(47, 55)
(23, 28)
(20, 79)
(24, 54)
(26, 53)
(56, 76)
(44, 19)
(70, 62)
(23, 18)
(19, 96)
(28, 39)
(49, 23)
(41, 17)
(73, 66)
(56, 76)
(56, 72)
(22, 87)
(50, 43)
(76, 60)
(56, 76)
(27, 96)
(26, 64)
(44, 31)
(35, 30)
(97, 69)
(56, 76)
(56, 76)
(315, 18)
(56, 76)
(67, 60)
(56, 76)
(65, 59)
(68, 61)
(46, 19)
(17, 116)
(70, 63)
(56, 76)
(56, 76)
(56, 76)
(56, 76)
(28, 50)
(23, 171)
(26, 68)
(22, 142)
(63, 58)
(21, 42)
(65, 17)
(56, 76)
(17, 87)
(51, 59)
(56, 76)
(56, 76)
(29, 67)
(58, 173)
(89, 67)
(104, 77)
(77, 67)
(87, 72)
(36, 46)
(72, 65)
(56, 76)
(20, 99)
(50, 64)
(24, 76)
(29, 48)
(72, 65)
(56, 76)
(66, 59)
(115, 178)
(52, 71)
(56, 76)
(22, 52)
(22, 172)
(52, 69)
(56, 76)
(32, 86)
(24, 52)
(73, 66)
(56, 76)
(56, 76)
(56, 76)
(56, 76)
(27, 72)
(17, 36)
(69, 62)
(56, 76)
(56, 76)
(69, 62)
(22, 71)
(50, 17)
(51, 57)
(71, 52)
(56, 76)
(23, 31)
(56, 76)
(22, 139)
(31, 60)
(56, 76)
(46, 56)
(110, 177)
(25, 24)
(85, 67)
(22, 47)
(28, 25)
(56, 76)
(22, 56)
(56, 76)
(27, 67)
(51, 19)
(56, 76)
(80, 66)
(81, 67)
(36, 172)
(35, 115)
(56, 76)
(139, 147)
(55, 30)
(56, 76)
(28, 86)
(56, 76)
(63, 58)
(31, 171)
(23, 85)
(43, 108)
(74, 180)
(96, 137)
(49, 68)
(23, 71)
(167, 21)
(21, 83)
(27, 75)
(53, 69)
(51, 42)
(28, 73)
(38, 59)
(22, 22)
(42, 33)
(57, 147)
(24, 176)
(22, 63)
(56, 76)
(22, 54)
(56, 76)
(51, 19)
(70, 65)
(95, 72)
(67, 17)
(56, 76)
(27, 18)
(18, 73)
(193, 172)
(135, 38)
(21, 92)
(38, 18)
(56, 76)
(37, 57)
(41, 173)
(91, 70)
(50, 52)
(86, 173)
(73, 66)
(56, 76)
(20, 63)
(56, 76)
(37, 107)
(114, 150)
(25, 76)
(29, 38)
(45, 183)
(27, 171)
(56, 76)
(23, 176)
(18, 162)
(83, 67)
(17, 36)
(33, 48)
(30, 20)
(121, 35)
(141, 25)
(48, 66)
(17, 37)
(146, 155)
(65, 58)
(55, 30)
(44, 58)
(29, 170)
(65, 19)
(98, 72)
(46, 22)
(56, 76)
(88, 67)
(85, 71)
(52, 71)
(32, 25)
(33, 22)
(46, 121)
(24, 164)
(27, 27)
(27, 170)
(75, 57)
(36, 56)
(19, 78)
(19, 42)
(35, 176)
(89, 66)
(81, 69)
(17, 182)
(17, 51)
(137, 151)
(24, 58)
(104, 78)
(35, 22)
(101, 70)
(21, 28)
(34, 30)
(28, 53)
(29, 32)
(100, 71)
(56, 76)
(35, 160)
(53, 64)
(56, 76)
(75, 63)
(64, 18)
(54, 19)
(56, 76)
(37, 32)
(33, 19)
(17, 84)
(56, 76)
(24, 26)
(44, 178)
(27, 78)
(85, 68)
(37, 44)
(39, 169)
(38, 26)
(57, 22)
(20, 49)
(18, 83)
(70, 17)
(56, 76)
(39, 49)
(22, 31)
(17, 48)
(70, 63)
(17, 104)
(23, 31)
(20, 79)
(58, 71)
(84, 70)
(104, 77)
(61, 17)
(98, 68)
(56, 76)
(47, 69)
(20, 20)
(21, 62)
(31, 73)
(17, 79)
(56, 76)
(20, 33)
(56, 76)
(74, 55)
(92, 70)
(25, 35)
(26, 68)
(57, 18)
(85, 70)
(18, 50)
(57, 71)
(19, 29)
(89, 69)
(101, 63)
(97, 76)
(53, 175)
(28, 72)
(49, 70)
(17, 123)
(18, 21)
(99, 60)
(62, 67)
(45, 28)
(19, 36)
(26, 51)
(46, 28)
(87, 68)
(22, 67)
(68, 63)
(30, 31)
(93, 69)
(56, 76)
(39, 21)
(83, 64)
(40, 21)
(40, 178)
(24, 19)
(40, 17)
(57, 21)
(42, 22)
(23, 29)
(103, 73)
(28, 76)
(19, 60)
(56, 76)
(29, 31)
(32, 31)
(20, 19)
(51, 57)
(18, 33)
(100, 60)
(56, 76)
(64, 19)
(20, 60)
(47, 142)
(96, 60)
(21, 119)
(21, 170)
(91, 172)
(52, 49)
(18, 44)
(91, 70)
(56, 76)
(67, 60)
(29, 21)
(89, 169)
(75, 66)
(139, 141)
(100, 54)
(52, 67)
(57, 65)
(89, 127)
(123, 159)
(98, 155)
(37, 60)
(18, 55)
(54, 23)
(50, 183)
(49, 31)
(103, 170)
(116, 142)
(39, 50)
(46, 58)
(88, 67)
(41, 101)
(23, 176)
(51, 157)
(95, 71)
(87, 153)
(26, 174)
(23, 173)
(38, 48)
(22, 37)
(45, 40)
(39, 62)
(24, 77)
(20, 41)
(21, 72)
(56, 76)
(21, 65)
(59, 65)
(37, 168)
(133, 36)
(69, 55)
(27, 174)
(18, 72)
(43, 39)
(192, 173)
(69, 175)
(56, 76)
(56, 76)
(51, 71)
(50, 62)
(18, 23)
(22, 31)
(22, 29)
(81, 176)
(18, 24)
(22, 148)
(24, 72)
(37, 31)
(73, 181)
(30, 173)
(38, 50)
(169, 23)
(101, 70)
(56, 76)
(37, 104)
(149, 160)
(56, 76)
(47, 46)
(57, 18)
(30, 61)
(103, 61)
(64, 20)
(56, 76)
(118, 144)
(51, 44)
(47, 65)
(30, 26)
(56, 76)
(56, 76)
(191, 175)
(172, 27)
(93, 63)
(41, 57)
(53, 68)
(34, 63)
(56, 76)
(70, 65)
(47, 166)
(36, 30)
(17, 150)
(26, 45)
(24, 30)
(19, 168)
(56, 76)
(66, 20)
(99, 61)
(24, 84)
(197, 164)
(69, 53)
(56, 76)
(56, 76)
(39, 174)
(22, 32)
(38, 179)
(17, 76)
(23, 19)
(19, 182)
(54, 67)
(17, 27)
(23, 30)
(22, 74)
(17, 113)
(40, 180)
(56, 76)
(17, 40)
(109, 174)
(50, 167)
(24, 80)
(36, 62)
(52, 133)
(31, 162)
(59, 69)
(175, 158)
(17, 57)
(135, 32)
(56, 76)
(23, 27)
(86, 67)
(56, 76)
(23, 100)
(89, 65)
(53, 50)
(24, 101)
(81, 180)
(34, 39)
(21, 64)
(56, 76)
(33, 173)
(64, 59)
(26, 56)
(49, 159)
(17, 79)
(128, 144)
(92, 64)
(17, 136)
(56, 76)
(178, 17)
(18, 173)
(87, 71)
(19, 52)
(55, 21)
(56, 76)
(53, 34)
(39, 55)
(23, 48)
(28, 34)
(36, 17)
(29, 50)
(54, 18)
(34, 62)
(150, 36)
(33, 158)
(100, 58)
(101, 74)
(28, 107)
(56, 76)
(41, 18)
(33, 49)
(20, 33)
(70, 58)
(37, 48)
(34, 28)
(137, 157)
(25, 173)
(102, 78)
(100, 56)
(102, 78)
(22, 30)
(89, 71)
(32, 26)
(56, 76)
(24, 178)
(56, 65)
(44, 21)
(56, 76)
(145, 142)
(58, 63)
(56, 76)
(46, 176)
(68, 18)
(90, 181)
(26, 174)
(26, 161)
(27, 33)
(217, 175)
(37, 100)
(56, 76)
(22, 30)
(28, 172)
(28, 66)
(21, 61)
(18, 35)
(65, 175)
(83, 65)
(188, 174)
(148, 151)
(32, 35)
(19, 78)
(73, 65)
(166, 179)
(47, 102)
(72, 65)
(30, 17)
(19, 19)
(44, 183)
(49, 52)
(118, 52)
(101, 57)
(31, 87)
(102, 129)
(56, 76)
(29, 58)
(24, 83)
(18, 80)
(56, 76)
(18, 82)
(19, 83)
(20, 101)
(88, 67)
(29, 92)
(170, 170)
(99, 69)
(29, 54)
(43, 19)
(73, 61)
(28, 33)
(58, 129)
(29, 86)
(66, 60)
(58, 29)
(49, 171)
(169, 88)
(57, 29)
(22, 141)
(25, 53)
(121, 135)
(58, 110)
(33, 44)
(51, 21)
(36, 64)
(31, 81)
(21, 60)
(168, 170)
(56, 76)
(37, 124)
(27, 108)
(56, 29)
(28, 54)
(25, 76)
(67, 60)
(40, 30)
(100, 65)
(46, 35)
(53, 68)
(57, 64)
(37, 40)
(55, 66)
(17, 45)
(71, 127)
(54, 67)
(85, 118)
(43, 52)
(19, 59)
(56, 76)
(56, 76)
(56, 76)
(51, 24)
(27, 34)
(68, 61)
(99, 69)
(68, 64)
(54, 25)
(72, 65)
(25, 46)
(226, 182)
(170, 170)
(46, 177)
(19, 177)
(29, 128)
(56, 76)
(75, 61)
(59, 70)
(103, 50)
(88, 67)
(19, 17)
(41, 106)
(116, 55)
(193, 180)
(84, 121)
(19, 79)
(56, 76)
(108, 140)
(28, 175)
(56, 76)
(32, 44)
(79, 152)
(38, 128)
(56, 17)
(56, 76)
(26, 62)
(98, 71)
(47, 17)
(100, 62)
(37, 36)
(56, 76)
(60, 183)
(138, 153)
(56, 76)
(92, 61)
(94, 67)
(46, 52)
(17, 56)
(44, 43)
(161, 25)
(47, 53)
(56, 18)
(25, 94)
(46, 35)
(50, 133)
(72, 65)
(41, 59)
(36, 148)
(44, 66)
(42, 27)
(18, 182)
(18, 139)
(17, 63)
(19, 182)
(181, 157)
(51, 70)
(33, 75)
(56, 68)
(59, 66)
(60, 112)
(56, 76)
(181, 157)
(124, 36)
(55, 29)
(42, 18)
(24, 69)
(18, 83)
(93, 69)
(26, 62)
(55, 29)
(56, 76)
(125, 54)
(56, 137)
(95, 151)
(53, 22)
(32, 65)
(22, 32)
(49, 68)
(90, 72)
(39, 37)
(158, 32)
(101, 71)
(56, 76)
(38, 47)
(53, 34)
(26, 181)
(41, 41)
(26, 124)
(46, 19)
(44, 19)
(27, 78)
(41, 63)
(41, 176)
(58, 18)
(18, 26)
(119, 140)
(56, 76)
(56, 76)
(17, 92)
(118, 54)
(63, 59)
(91, 62)
(41, 18)
(17, 129)
(19, 52)
(49, 19)
(36, 160)
(25, 76)
(92, 61)
(151, 182)
(20, 72)
(93, 168)
(18, 43)
(30, 31)
(30, 145)
(56, 76)
(95, 68)
(54, 71)
(35, 48)
(46, 171)
(56, 76)
(22, 82)
(56, 76)
(73, 66)
(118, 176)
(44, 31)
(83, 165)
(56, 76)
(27, 94)
(65, 171)
(26, 25)
(42, 108)
(134, 171)
(17, 75)
(18, 25)
(53, 69)
(77, 181)
(165, 164)
(72, 65)
(31, 161)
(105, 79)
(56, 76)
(17, 69)
(56, 76)
(33, 91)
(56, 76)
(33, 35)
(172, 28)
(35, 122)
(36, 34)
(74, 179)
(50, 127)
(100, 124)
(77, 161)
(56, 76)
(101, 64)
(56, 76)
(104, 159)
(56, 76)
(116, 177)
(56, 76)
(44, 17)
(25, 54)
(56, 109)
(71, 65)
(123, 165)
(35, 166)
(29, 78)
(136, 178)
(18, 23)
(17, 60)
(31, 50)
(34, 24)
(68, 54)
(17, 110)
(30, 33)
(46, 122)
(56, 76)
(56, 76)
(21, 101)
(32, 32)
(53, 68)
(54, 27)
(66, 19)
(24, 85)
(119, 155)
(121, 43)
(48, 26)
(99, 69)
(22, 25)
(56, 76)
(69, 64)
(84, 65)
(69, 62)
(74, 55)
(35, 51)
(18, 32)
(46, 122)
(26, 56)
(24, 91)
(18, 99)
(29, 23)
(39, 22)
(52, 66)
(115, 157)
(50, 48)
(36, 57)
(30, 91)
(49, 62)
(56, 31)
(52, 32)
(25, 76)
(24, 69)
(120, 34)
(25, 58)
(29, 80)
(127, 174)
(21, 27)
(43, 105)
(46, 19)
(50, 65)
(76, 62)
(26, 17)
(80, 68)
(147, 144)
(74, 57)
(26, 33)
(19, 98)
(26, 79)
(46, 109)
(17, 97)
(56, 76)
(56, 76)
(30, 48)
(118, 133)
(46, 42)
(50, 35)
(32, 56)
(195, 169)
(36, 39)
(78, 158)
(48, 44)
(66, 125)
(193, 172)
(56, 76)
(20, 170)
(56, 76)
(28, 151)
(68, 61)
(45, 62)
(40, 57)
(20, 106)
(52, 29)
(60, 65)
(98, 77)
(72, 65)
(33, 17)
(157, 26)
(23, 30)
(49, 119)
(157, 17)
(56, 76)
(71, 55)
(52, 57)
(69, 60)
(42, 166)
(56, 18)
(17, 121)
(33, 84)
(28, 151)
(21, 118)
(73, 62)
(31, 99)
(26, 74)
(20, 38)
(55, 17)
(56, 76)
(56, 76)
(56, 76)
(17, 82)
(79, 69)
(160, 83)
(18, 51)
(21, 49)
(80, 69)
(18, 21)
(134, 20)
(51, 18)
(59, 21)
(157, 18)
(22, 86)
(18, 97)
(17, 100)
(137, 175)
(49, 131)
(98, 57)
(17, 82)
(19, 182)
(17, 181)
(33, 22)
(57, 68)
(111, 131)
(35, 48)
(44, 164)
(56, 76)
(18, 75)
(30, 85)
(59, 21)
(51, 63)
(17, 53)
(160, 43)
(73, 66)
(73, 66)
(100, 69)
(21, 158)
(48, 169)
(46, 32)
(158, 172)
(34, 136)
(39, 40)
(17, 71)
(29, 17)
(56, 76)
(56, 76)
(85, 127)
(43, 52)
(123, 141)
(27, 149)
(21, 120)
(69, 64)
(84, 70)
(70, 182)
(17, 53)
(154, 147)
(37, 134)
(161, 164)
(18, 104)
(17, 80)
(60, 68)
(25, 179)
(25, 43)
(30, 120)
(56, 76)
(21, 152)
(155, 31)
(56, 76)
(26, 54)
(73, 66)
(41, 66)
(21, 153)
(115, 177)
(56, 76)
(102, 126)
(21, 43)
(121, 53)
(49, 172)
(74, 55)
(30, 154)
(17, 141)
(136, 175)
(56, 76)
(22, 57)
(56, 76)
(86, 71)
(56, 76)
(160, 168)
(73, 54)
(48, 41)
(124, 152)
(18, 31)
(59, 65)
(70, 176)
(18, 103)
(136, 34)
(152, 147)
(52, 66)
(48, 174)
(123, 32)
(63, 147)
(180, 164)
(27, 75)
(34, 27)
(27, 44)
(51, 67)
(73, 66)
(73, 59)
(43, 18)
(44, 167)
(17, 59)
(46, 39)
(27, 175)
(69, 61)
(56, 76)
(69, 64)
(57, 29)
(35, 18)
(56, 76)
(101, 59)
(31, 161)
(17, 148)
(40, 24)
(153, 25)
(72, 66)
(45, 170)
(60, 61)
(19, 55)
(33, 78)
(29, 85)
(43, 54)
(99, 68)
(51, 44)
(69, 159)
(71, 64)
(112, 159)
(31, 168)
(43, 144)
(17, 53)
(65, 58)
(131, 143)
(33, 95)
(24, 160)
(73, 66)
(17, 51)
(70, 63)
(55, 66)
(90, 65)
(56, 137)
(35, 30)
(37, 44)
(81, 65)
(70, 61)
(78, 68)
(31, 21)
(97, 68)
(73, 66)
(47, 61)
(62, 23)
(19, 110)
(36, 45)
(17, 33)
(53, 19)
(56, 76)
(200, 169)
(17, 17)
(44, 38)
(59, 183)
(73, 66)
(67, 183)
(107, 132)
(98, 57)
(160, 156)
(42, 44)
(101, 59)
(84, 120)
(51, 71)
(56, 76)
(26, 130)
(22, 110)
(32, 55)
(53, 68)
(51, 32)
(90, 120)
(49, 179)
(81, 176)
(152, 166)
(56, 76)
(91, 63)
(133, 139)
(88, 70)
(28, 88)
(67, 61)
(22, 83)
(65, 59)
(44, 25)
(17, 141)
(56, 76)
(81, 63)
(79, 117)
(92, 69)
(87, 122)
(73, 115)
(46, 37)
(80, 171)
(33, 85)
(73, 66)
(26, 74)
(92, 61)
(56, 76)
(73, 66)
(94, 72)
(26, 26)
(41, 28)
(113, 43)
(20, 81)
(57, 28)
(42, 30)
(78, 121)
(92, 64)
(22, 64)
(38, 28)
(157, 17)
(49, 37)
(57, 71)
(21, 53)
(56, 76)
(68, 19)
