(34, 56)
(70, 62)
(56, 76)
(82, 66)
(19, 35)
(65, 60)
(57, 30)
(31, 167)
(71, 63)
(22, 134)
(70, 176)
(43, 46)
(56, 76)
(25, 53)
(56, 76)
(47, 27)
(65, 56)
(90, 73)
(30, 35)
(33, 28)
(45, 55)
(56, 76)
(41, 51)
(39, 46)
(37, 104)
(17, 23)
(25, 109)
(92, 64)
(17, 78)
(56, 76)
(20, 73)
(22, 45)
(124, 38)
(56, 76)
(66, 59)
(56, 76)
(57, 25)
(30, 24)
(52, 65)
(33, 55)
(66, 19)
(43, 150)
(51, 57)
(90, 65)
(103, 71)
(72, 65)
(45, 182)
(28, 48)
(17, 48)
(17, 136)
(56, 76)
(56, 76)
(66, 60)
(18, 60)
(27, 73)
(56, 17)
(56, 76)
(20, 71)
(28, 50)
(26, 81)
(63, 58)
(29, 22)
(95, 66)
(23, 72)
(56, 76)
(64, 62)
(56, 76)
(20, 71)
(56, 76)
(56, 76)
(64, 23)
(17, 34)
(70, 63)
(27, 19)
(70, 62)
(56, 76)
(21, 25)
(56, 76)
(31, 87)
(56, 76)
(27, 51)
(95, 75)
(35, 107)
(56, 22)
(56, 76)
(22, 76)
(56, 76)
(72, 66)
(17, 38)
(37, 28)
(17, 173)
(56, 76)
(37, 27)
(17, 67)
(68, 61)
(109, 170)
(102, 132)
(52, 32)
(56, 76)
(32, 22)
(56, 76)
(69, 55)
(59, 19)
(90, 66)
(122, 54)
(30, 48)
(102, 76)
(35, 48)
(41, 40)
(36, 43)
(56, 17)
(86, 71)
(52, 57)
(71, 123)
(58, 20)
(50, 156)
(60, 69)
(71, 63)
(37, 29)
(56, 76)
(56, 76)
(21, 121)
(23, 19)
(32, 19)
(56, 76)
(59, 21)
(68, 61)
(26, 31)
(56, 76)
(56, 76)
(102, 71)
(43, 62)
(72, 66)
(61, 60)
(154, 44)
(72, 65)
(56, 76)
(56, 76)
(30, 67)
(76, 178)
(67, 60)
(96, 165)
(56, 76)
(53, 144)
(56, 76)
(56, 76)
(21, 32)
(56, 76)
(56, 76)
(55, 19)
(88, 65)
(26, 139)
(21, 77)
(56, 76)
(134, 33)
(23, 75)
(72, 65)
(56, 76)
(17, 120)
(30, 64)
(38, 22)
(60, 20)
(49, 53)
(56, 76)
(30, 24)
(17, 60)
(24, 55)
(39, 56)
(73, 66)
(51, 59)
(52, 21)
(56, 76)
(56, 76)
(23, 29)
(56, 76)
(56, 76)
(63, 58)
(56, 76)
(100, 78)
(56, 76)
(103, 67)
(56, 76)
(51, 58)
(40, 53)
(64, 58)
(56, 76)
(29, 17)
(28, 25)
(56, 19)
(35, 107)
(59, 24)
(53, 175)
(17, 114)
(56, 76)
(26, 19)
(56, 177)
(56, 76)
(23, 59)
(50, 27)
(24, 28)
(55, 66)
(40, 25)
(19, 38)
(62, 108)
(44, 18)
(54, 117)
(59, 25)
(51, 21)
(66, 59)
(56, 76)
(56, 76)
(50, 56)
(70, 61)
(41, 60)
(64, 18)
(50, 63)
(56, 76)
(56, 76)
(56, 76)
(47, 19)
(56, 76)
(28, 73)
(44, 27)
(178, 159)
(56, 76)
(56, 76)
(53, 27)
(19, 54)
(58, 24)
(35, 59)
(19, 53)
(73, 66)
(56, 76)
(18, 59)
(91, 62)
(25, 27)
(25, 35)
(56, 76)
(41, 26)
(63, 58)
(19, 53)
(47, 19)
(23, 66)
(98, 124)
(53, 62)
(68, 61)
(51, 21)
(18, 32)
(63, 60)
(169, 18)
(33, 53)
(51, 39)
(38, 22)
(56, 76)
(56, 76)
(21, 141)
(36, 97)
(112, 48)
(102, 65)
(53, 57)
(22, 112)
(56, 76)
(56, 76)
(70, 63)
(33, 89)
(102, 63)
(66, 60)
(23, 75)
(56, 76)
(72, 130)
(58, 23)
(91, 74)
(59, 65)
(25, 99)
(21, 79)
(56, 76)
(18, 50)
(70, 63)
(65, 64)
(31, 168)
(66, 59)
(26, 153)
(45, 67)
(56, 76)
(19, 171)
(132, 26)
(28, 20)
(56, 76)
(56, 76)
(56, 76)
(32, 47)
(56, 76)
(63, 127)
(56, 76)
(47, 65)
(70, 62)
(95, 70)
(56, 76)
(56, 76)
(92, 130)
(28, 50)
(17, 76)
(56, 76)
(56, 76)
(115, 140)
(17, 36)
(53, 65)
(29, 65)
(105, 127)
(56, 76)
(30, 78)
(57, 17)
(33, 73)
(29, 56)
(28, 124)
(45, 32)
(70, 17)
(19, 22)
(27, 34)
(20, 83)
(72, 66)
(37, 17)
(142, 20)
(46, 37)
(73, 55)
(69, 62)
(22, 21)
(21, 171)
(18, 20)
(56, 76)
(29, 26)
(56, 76)
(66, 58)
(17, 34)
(35, 56)
(72, 66)
(70, 52)
(67, 60)
(18, 32)
(52, 22)
(31, 53)
(56, 76)
(26, 103)
(56, 76)
(70, 64)
(30, 56)
(23, 28)
(56, 76)
(85, 67)
(21, 19)
(58, 22)
(56, 17)
(21, 34)
(44, 24)
(23, 58)
(27, 91)
(19, 92)
(56, 183)
(56, 76)
(23, 56)
(67, 60)
(32, 177)
(90, 64)
(31, 57)
(47, 27)
(56, 76)
(134, 27)
(42, 62)
(56, 76)
(56, 76)
(39, 105)
(84, 122)
(56, 76)
(25, 27)
(22, 56)
(18, 48)
(23, 33)
(51, 38)
(23, 68)
(31, 62)
(73, 66)
(17, 180)
(63, 58)
(56, 76)
(103, 76)
(43, 39)
(60, 66)
(88, 67)
(49, 60)
(17, 34)
(56, 76)
(47, 25)
(73, 66)
(41, 19)
(56, 76)
(17, 17)
(21, 74)
(53, 56)
(38, 19)
(56, 76)
(101, 61)
(104, 78)
(17, 27)
(59, 17)
(17, 28)
(56, 76)
(17, 84)
(63, 58)
(35, 170)
(56, 76)
(44, 29)
(63, 58)
(56, 76)
(17, 60)
(56, 76)
(34, 37)
(51, 39)
(56, 76)
(56, 76)
(74, 59)
(56, 76)
(32, 67)
(20, 31)
(66, 18)
(28, 50)
(56, 76)
(56, 17)
(30, 23)
(91, 66)
(56, 76)
(92, 61)
(26, 50)
(56, 76)
(91, 66)
(30, 49)
(32, 28)
(19, 32)
(56, 76)
(37, 32)
(56, 76)
(91, 73)
(104, 79)
(90, 64)
(20, 72)
(35, 58)
(71, 58)
(85, 71)
(28, 169)
(103, 51)
(64, 58)
(79, 69)
(56, 76)
(48, 17)
(61, 17)
(66, 167)
(68, 59)
(56, 76)
(19, 32)
(56, 76)
(76, 178)
(26, 80)
(23, 29)
(77, 60)
(56, 76)
(67, 60)
(65, 59)
(56, 76)
(33, 69)
(100, 61)
(33, 65)
(24, 29)
(53, 71)
(59, 21)
(47, 19)
(60, 64)
(46, 58)
(72, 65)
(56, 76)
(56, 76)
(52, 37)
(73, 66)
(83, 70)
(56, 76)
(102, 156)
(56, 174)
(34, 26)
(58, 110)
(56, 76)
(56, 76)
(24, 80)
(56, 76)
(57, 19)
(64, 19)
(49, 24)
(56, 76)
(38, 19)
(59, 63)
(138, 140)
(56, 76)
(62, 21)
(56, 76)
(35, 22)
(17, 171)
(18, 81)
(62, 60)
(72, 65)
(56, 76)
(61, 17)
(26, 47)
(56, 76)
(22, 57)
(24, 54)
(56, 76)
(26, 52)
(56, 76)
(17, 98)
(59, 65)
(56, 76)
(72, 65)
(34, 61)
(22, 29)
(56, 76)
(91, 68)
(30, 24)
(90, 67)
(56, 76)
(23, 30)
(17, 32)
(56, 76)
(24, 54)
(72, 65)
(53, 70)
(56, 76)
(73, 66)
(20, 44)
(56, 76)
(100, 66)
(101, 76)
(20, 44)
(71, 58)
(54, 69)
(18, 24)
(21, 37)
(18, 175)
(56, 76)
(17, 78)
(56, 76)
(56, 76)
(47, 59)
(56, 76)
(27, 95)
(211, 183)
(56, 76)
(17, 41)
(26, 25)
(64, 58)
(90, 69)
(63, 58)
(94, 66)
(18, 32)
(107, 130)
(33, 64)
(39, 54)
(42, 18)
(24, 121)
(17, 20)
(45, 38)
(21, 38)
(35, 147)
(44, 44)
(56, 76)
(52, 49)
(56, 76)
(56, 76)
(59, 26)
(24, 55)
(20, 50)
(58, 63)
(73, 66)
(67, 60)
(23, 21)
(101, 71)
(50, 28)
(70, 62)
(208, 171)
(56, 76)
(20, 41)
(28, 169)
(56, 76)
(56, 76)
(33, 20)
(82, 70)
(103, 73)
(18, 40)
(17, 37)
(39, 20)
(56, 76)
(27, 67)
(23, 71)
(33, 67)
(63, 63)
(56, 76)
(56, 76)
(66, 57)
(30, 19)
(47, 59)
(102, 73)
(33, 77)
(17, 99)
(65, 144)
(44, 17)
(105, 79)
(25, 31)
(56, 76)
(118, 55)
(25, 53)
(19, 71)
(56, 76)
(22, 85)
(56, 76)
(20, 31)
(96, 68)
(47, 19)
(50, 48)
(56, 76)
(62, 17)
(39, 23)
(37, 37)
(56, 76)
(34, 39)
(55, 23)
(36, 20)
(56, 76)
(19, 57)
(146, 65)
(30, 89)
(47, 42)
(32, 71)
(76, 60)
(28, 17)
(101, 68)
(56, 76)
(56, 76)
(17, 169)
(50, 30)
(52, 17)
(33, 45)
(28, 95)
(68, 61)
(40, 58)
(56, 76)
(152, 34)
(72, 66)
(66, 60)
(27, 98)
(60, 27)
(21, 31)
(22, 132)
(24, 54)
(26, 51)
(47, 66)
(56, 76)
(17, 152)
(32, 23)
(25, 17)
(27, 39)
(59, 155)
(41, 17)
(17, 75)
(25, 23)
(56, 76)
(36, 27)
(65, 17)
(29, 99)
(50, 18)
(24, 56)
(65, 59)
(26, 49)
(56, 76)
(48, 18)
(25, 27)
(71, 58)
(67, 60)
(147, 60)
(56, 17)
(20, 42)
(56, 76)
(56, 76)
(30, 74)
(143, 51)
(56, 76)
(45, 20)
(84, 65)
(33, 64)
(47, 56)
(17, 35)
(21, 65)
(56, 76)
(22, 18)
(59, 20)
(18, 55)
(56, 76)
(22, 49)
(31, 75)
(52, 28)
(56, 76)
(49, 179)
(56, 76)
(56, 76)
(17, 35)
(35, 22)
(72, 66)
(182, 87)
(18, 49)
(91, 137)
(81, 64)
(56, 76)
(57, 25)
(89, 70)
(72, 119)
(56, 76)
(56, 76)
(25, 86)
(69, 62)
(56, 76)
(78, 62)
(63, 58)
(56, 76)
(47, 26)
(32, 23)
(52, 63)
(66, 139)
(50, 57)
(103, 70)
(22, 50)
(96, 67)
(110, 143)
(50, 61)
(44, 27)
(18, 68)
(67, 60)
(28, 23)
(68, 61)
(56, 76)
(56, 76)
(56, 76)
(72, 61)
(73, 66)
(46, 17)
(50, 181)
(71, 66)
(91, 64)
(88, 73)
(43, 61)
(32, 103)
(56, 76)
(115, 149)
(132, 21)
(54, 19)
(56, 76)
(71, 64)
(56, 76)
(72, 66)
(143, 19)
(101, 75)
(47, 20)
(20, 31)
(57, 25)
(23, 29)
(65, 59)
(71, 60)
(23, 17)
(36, 55)
(56, 76)
(64, 58)
(71, 64)
(65, 127)
(56, 76)
(84, 70)
(32, 23)
(20, 18)
(27, 78)
(73, 66)
(56, 76)
(18, 25)
(17, 34)
(21, 64)
(27, 35)
(22, 81)
(56, 76)
(64, 114)
(63, 139)
(51, 27)
(122, 55)
(44, 63)
(56, 76)
(91, 66)
(87, 68)
(56, 76)
(17, 175)
(56, 76)
(56, 76)
(69, 18)
(47, 19)
(19, 59)
(83, 69)
(53, 44)
(87, 66)
(21, 67)
(26, 52)
(56, 76)
(149, 29)
(65, 59)
(56, 76)
(24, 43)
(21, 67)
(42, 63)
(20, 119)
(17, 26)
(17, 98)
(50, 49)
(18, 35)
(27, 60)
(29, 85)
(47, 41)
(91, 66)
(20, 34)
(56, 76)
(90, 64)
(18, 67)
(20, 42)
(56, 76)
(43, 59)
(56, 76)
(31, 73)
(28, 90)
(33, 56)
(56, 76)
(70, 63)
(103, 76)
(19, 149)
(66, 60)
(56, 76)
(56, 76)
(89, 71)
(22, 112)
(63, 60)
(56, 76)
(41, 19)
(71, 63)
(56, 76)
(56, 76)
(56, 76)
(42, 53)
(17, 92)
(56, 76)
(60, 17)
(56, 76)
(88, 67)
(73, 66)
(56, 76)
(56, 76)
(54, 71)
(53, 17)
(33, 86)
(49, 160)
(64, 63)
(56, 76)
(51, 31)
(71, 64)
(26, 60)
(33, 46)
(56, 76)
(56, 76)
(32, 20)
(28, 25)
(56, 76)
(56, 76)
(44, 68)
(56, 76)
(27, 45)
(34, 61)
(72, 66)
(56, 76)
(35, 30)
(56, 76)
(20, 37)
(18, 60)
(90, 69)
(65, 59)
(103, 79)
(89, 72)
(22, 74)
(66, 62)
(28, 37)
(90, 68)
(89, 68)
(47, 104)
(59, 21)
(56, 76)
(56, 76)
(53, 19)
(22, 25)
(47, 19)
(93, 63)
(56, 76)
(59, 67)
(20, 35)
(100, 72)
(25, 33)
(38, 57)
(38, 98)
(73, 54)
(73, 66)
(33, 68)
(51, 54)
(49, 21)
(74, 55)
(25, 39)
(53, 31)
(91, 65)
(27, 20)
(70, 63)
(56, 76)
(18, 23)
(21, 32)
(92, 65)
(23, 56)
(41, 20)
(47, 24)
(17, 35)
(23, 28)
(48, 25)
(49, 27)
(56, 76)
(21, 46)
(50, 65)
(52, 19)
(37, 118)
(30, 39)
(56, 76)
(187, 162)
(65, 59)
(63, 66)
(56, 76)
(22, 175)
(71, 55)
(37, 30)
(56, 76)
(56, 76)
(77, 60)
(18, 26)
(17, 88)
(72, 65)
(68, 61)
(99, 67)
(50, 26)
(56, 76)
(189, 183)
(21, 21)
(48, 19)
(56, 76)
(56, 76)
(55, 122)
(91, 65)
(63, 61)
(22, 80)
(41, 45)
(53, 65)
(56, 76)
(61, 152)
(17, 84)
(17, 40)
(56, 76)
(31, 25)
(41, 22)
(63, 18)
(58, 68)
(56, 76)
(21, 52)
(56, 76)
(56, 76)
(56, 76)
(72, 65)
(56, 76)
(56, 76)
(91, 71)
(56, 76)
(92, 64)
(56, 76)
(72, 65)
(73, 66)
(17, 68)
(19, 32)
(21, 117)
(32, 71)
(106, 161)
(18, 67)
(19, 40)
(56, 76)
(58, 71)
(46, 44)
(37, 30)
(56, 76)
(37, 24)
(56, 76)
(24, 72)
(56, 76)
(56, 76)
(56, 76)
(56, 76)
(21, 91)
(56, 76)
(56, 76)
(30, 23)
(23, 44)
(17, 35)
(39, 53)
(117, 49)
(29, 71)
(29, 75)
(53, 30)
(56, 76)
(26, 48)
(56, 76)
(56, 76)
(51, 18)
(67, 60)
(78, 146)
(83, 71)
(45, 38)
(56, 76)
(56, 76)
(90, 65)
(67, 58)
(53, 19)
(56, 76)
(18, 26)
(56, 76)
(56, 76)
(48, 37)
(46, 59)
(53, 18)
(22, 24)
(56, 76)
(24, 22)
(56, 76)
(64, 58)
(19, 44)
(56, 76)
(19, 52)
(52, 20)
(69, 55)
(22, 24)
(23, 55)
(56, 76)
(72, 183)
(67, 60)
(56, 76)
(68, 63)
(56, 76)
(19, 67)
(85, 70)
(29, 28)
(56, 76)
(56, 76)
(56, 76)
(48, 46)
(24, 19)
(153, 71)
(23, 32)
(99, 54)
(31, 49)
(27, 50)
(70, 63)
(56, 76)
(24, 169)
(33, 42)
(17, 70)
(170, 26)
(23, 25)
(96, 65)
(56, 76)
(87, 72)
(30, 83)
(45, 18)
(39, 45)
(25, 81)
(103, 59)
(56, 76)
(32, 25)
(23, 29)
(18, 70)
(20, 141)
(21, 97)
(42, 28)
(42, 28)
(54, 182)
(48, 58)
(56, 76)
(17, 79)
(56, 76)
(56, 76)
(17, 70)
(33, 36)
(92, 63)
(18, 21)
(20, 47)
(23, 67)
(56, 76)
(17, 52)
(29, 45)
(56, 76)
(26, 86)
(105, 80)
(24, 40)
(38, 25)
(56, 76)
(23, 21)
(56, 76)
(51, 63)
(30, 37)
(56, 76)
(56, 76)
(90, 69)
(25, 53)
(64, 58)
(69, 52)
(27, 50)
(56, 76)
(98, 136)
(75, 62)
(17, 74)
(58, 64)
(71, 64)
(73, 61)
(50, 60)
(56, 76)
(17, 175)
(101, 58)
(56, 76)
(45, 27)
(99, 71)
(28, 48)
(56, 76)
(84, 69)
(20, 58)
(56, 76)
(59, 20)
(91, 67)
(56, 76)
(37, 50)
(73, 66)
(27, 113)
(51, 59)
(57, 17)
(48, 38)
(88, 65)
(56, 76)
(19, 60)
(56, 76)
(48, 42)
(70, 53)
(52, 36)
(22, 117)
(62, 17)
(92, 63)
(59, 69)
(70, 57)
(29, 103)
(45, 44)
(75, 65)
(56, 76)
(30, 57)
(41, 21)
(56, 76)
(56, 76)
(23, 25)
(56, 76)
(20, 26)
(33, 84)
(38, 21)
(20, 45)
(17, 37)
(56, 76)
(55, 24)
(53, 56)
(50, 105)
(58, 68)
(28, 46)
(68, 130)
(63, 20)
(98, 76)
(43, 61)
(24, 73)
(99, 62)
(74, 67)
(60, 22)
(20, 61)
(22, 69)
(17, 80)
(51, 39)
(58, 118)
(91, 66)
(44, 29)
(50, 65)
(92, 66)
(56, 76)
(34, 44)
(49, 60)
(103, 76)
(93, 157)
(48, 148)
(167, 32)
(22, 58)
(20, 33)
(18, 27)
(19, 40)
(145, 21)
(60, 17)
(56, 76)
(18, 33)
(20, 43)
(26, 69)
(35, 45)
(56, 76)
(19, 33)
(20, 29)
(27, 82)
(162, 29)
(92, 62)
(44, 18)
(31, 23)
(33, 75)
(112, 41)
(92, 66)
(37, 58)
(56, 76)
(73, 66)
(17, 93)
(27, 27)
(52, 70)
(35, 149)
(46, 120)
(67, 64)
(36, 100)
(66, 61)
(36, 62)
(105, 79)
(103, 75)
(56, 76)
(49, 58)
(48, 104)
(47, 64)
(85, 66)
(52, 42)
(88, 73)
(26, 26)
(54, 27)
(53, 18)
(24, 118)
(32, 57)
(104, 78)
(164, 27)
(54, 17)
(68, 61)
(63, 114)
(56, 76)
(62, 116)
(17, 75)
(56, 76)
(56, 76)
(23, 28)
(31, 47)
(28, 71)
(92, 67)
(99, 57)
(39, 63)
(19, 49)
(56, 76)
(70, 63)
(56, 76)
(31, 38)
(19, 27)
(56, 76)
(23, 28)
(70, 57)
(72, 57)
(56, 76)
(20, 93)
(21, 74)
(56, 76)
(17, 72)
(29, 26)
(38, 62)
(56, 76)
(40, 57)
(56, 76)
(71, 64)
(17, 167)
(89, 71)
(103, 78)
(66, 59)
(59, 108)
(63, 23)
(64, 58)
(19, 127)
(56, 76)
(56, 76)
(32, 40)
(57, 163)
(17, 42)
(17, 39)
(69, 62)
(36, 29)
(101, 70)
(24, 28)
(68, 64)
(97, 62)
(41, 43)
(48, 17)
(110, 138)
(56, 76)
(45, 30)
(35, 36)
(26, 180)
(49, 49)
(56, 76)
(28, 69)
(70, 62)
(30, 60)
(47, 34)
(31, 99)
(67, 60)
(22, 89)
(56, 76)
(22, 30)
(56, 76)
(38, 178)
(56, 76)
(44, 17)
(57, 172)
(17, 171)
(72, 65)
(49, 32)
(19, 79)
(56, 76)
(28, 77)
(22, 70)
(56, 76)
(56, 76)
(56, 76)
(17, 35)
(52, 71)
(56, 76)
(24, 126)
(43, 64)
(56, 76)
(29, 17)
(56, 76)
(25, 53)
(38, 21)
(27, 50)
(98, 73)
(35, 49)
(19, 32)
(53, 63)
(102, 56)
(25, 47)
(56, 24)
(56, 76)
(56, 76)
(92, 68)
(24, 87)
(18, 33)
(21, 67)
(68, 61)
(56, 76)
(30, 74)
(24, 26)
(56, 76)
(110, 44)
(54, 71)
(17, 30)
(17, 17)
(56, 76)
(102, 64)
(32, 63)
(54, 72)
(56, 76)
(63, 21)
(40, 25)
(28, 48)
(103, 66)
(69, 64)
(42, 64)
(56, 76)
(31, 24)
(73, 66)
(72, 65)
(36, 22)
(18, 169)
(20, 56)
(29, 70)
(19, 17)
(17, 67)
(51, 54)
(59, 24)
(58, 19)
(66, 59)
(19, 20)
(73, 65)
(23, 182)
(22, 36)
(103, 132)
(19, 35)
(56, 76)
(103, 76)
(87, 66)
(92, 68)
(20, 95)
(39, 26)
(56, 76)
(56, 76)
(52, 180)
(23, 28)
(49, 168)
(23, 28)
(18, 57)
(56, 76)
(103, 77)
(73, 66)
(25, 40)
(20, 69)
(29, 127)
(56, 76)
(68, 61)
(30, 18)
(56, 76)
(104, 77)
(56, 76)
(70, 57)
(52, 45)
(39, 115)
(56, 76)
(67, 64)
(17, 19)
(17, 117)
(56, 76)
(17, 33)
(123, 141)
(20, 68)
(225, 177)
(91, 66)
(20, 115)
(24, 67)
(56, 76)
(91, 69)
(33, 73)
(117, 152)
(153, 50)
(115, 54)
(39, 44)
(55, 23)
(68, 140)
(22, 84)
(22, 104)
(56, 76)
(17, 20)
(27, 78)
(56, 76)
(72, 65)
(68, 17)
(18, 91)
(89, 72)
(23, 124)
(43, 18)
(178, 17)
(56, 76)
(76, 114)
(50, 68)
(20, 29)
(134, 21)
(18, 87)
(28, 23)
(130, 170)
(18, 44)
(56, 76)
(83, 117)
(140, 50)
(19, 33)
(88, 69)
(28, 18)
(86, 119)
(17, 53)
(143, 37)
(90, 64)
(17, 79)
(26, 26)
(28, 27)
(56, 76)
(36, 21)
(21, 31)
(23, 98)
(91, 68)
(56, 76)
(56, 76)
(43, 19)
(22, 47)
(32, 144)
(56, 76)
(27, 127)
(51, 51)
(21, 66)
(56, 76)
(56, 76)
(30, 23)
(22, 166)
(29, 75)
(22, 56)
(21, 32)
(17, 50)
(89, 72)
(66, 55)
(26, 36)
(27, 24)
(18, 90)
(22, 85)
(23, 17)
(88, 65)
(56, 76)
(21, 56)
(56, 76)
(139, 22)
(56, 76)
(71, 64)
(27, 26)
(64, 21)
(73, 66)
(52, 52)
(53, 56)
(42, 29)
(81, 70)
(73, 66)
(72, 65)
(22, 56)
(88, 69)
(56, 76)
(33, 47)
(31, 42)
(25, 180)
(36, 50)
(25, 64)
(56, 76)
(66, 21)
(53, 57)
(59, 27)
(35, 100)
(74, 57)
(20, 172)
(72, 66)
(63, 58)
(56, 76)
(92, 70)
(31, 56)
(48, 57)
(69, 62)
(73, 66)
(56, 76)
(44, 133)
(56, 76)
(52, 53)
(64, 58)
(56, 73)
(23, 58)
(69, 61)
(21, 74)
(19, 177)
(53, 45)
(31, 58)
(52, 182)
(56, 76)
(89, 66)
(56, 76)
(70, 63)
(104, 77)
(56, 76)
(71, 64)
(38, 45)
(72, 65)
(27, 17)
(17, 149)
(38, 34)
(19, 73)
(22, 56)
(18, 62)
(56, 76)
(21, 59)
(56, 76)
(56, 76)
(71, 64)
(56, 76)
(98, 60)
(56, 76)
(31, 72)
(56, 76)
(67, 60)
(35, 53)
(97, 64)
(56, 76)
(56, 76)
(76, 59)
(56, 76)
(40, 52)
(56, 76)
(32, 76)
(40, 109)
(56, 76)
(69, 57)
(24, 55)
(28, 70)
(56, 76)
(56, 76)
(62, 25)
(71, 63)
(56, 19)
(74, 176)
(54, 23)
(102, 78)
(17, 57)
(56, 76)
(56, 76)
(100, 70)
(52, 21)
(56, 76)
(36, 46)
(51, 40)
(90, 68)
(34, 62)
(124, 47)
(37, 64)
(56, 76)
(33, 174)
(30, 111)
(58, 67)
(39, 42)
(56, 76)
(33, 59)
(56, 76)
(51, 68)
(56, 76)
(35, 172)
(96, 76)
(28, 55)
(28, 61)
(18, 62)
(56, 76)
(64, 58)
(43, 64)
(56, 76)
(34, 104)
(38, 26)
(43, 27)
(45, 57)
(73, 114)
(65, 59)
(91, 62)
(65, 20)
(22, 29)
(45, 43)
(72, 61)
(56, 76)
(33, 24)
(64, 58)
(62, 67)
(20, 118)
(62, 25)
(20, 26)
(43, 20)
(37, 174)
(32, 25)
(63, 61)
(61, 18)
(36, 143)
(19, 87)
(20, 31)
(55, 72)
(68, 63)
(17, 29)
(66, 59)
(72, 65)
(43, 22)
(51, 36)
(172, 157)
(17, 71)
(18, 103)
(27, 99)
(73, 66)
(35, 64)
(56, 76)
(56, 76)
(20, 50)
(28, 50)
(105, 128)
(23, 75)
(56, 76)
(133, 37)
(73, 66)
(91, 69)
(43, 19)
(91, 69)
(20, 105)
(55, 122)
(47, 69)
(23, 143)
(92, 64)
(18, 51)
(133, 23)
(48, 18)
(19, 55)
(33, 150)
(56, 76)
(19, 95)
(84, 117)
(32, 62)
(100, 65)
(41, 117)
(17, 36)
(64, 122)
(31, 91)
(81, 70)
(69, 170)
(56, 76)
(151, 18)
(69, 62)
(28, 79)
(20, 93)
(89, 71)
(73, 66)
(78, 122)
(33, 91)
(56, 76)
(28, 90)
(100, 65)
(28, 38)
(160, 19)
(18, 41)
(20, 109)
(56, 76)
(47, 67)
(55, 26)
(56, 76)
(56, 76)
(40, 20)
(56, 76)
(56, 76)
(53, 54)
(47, 33)
(39, 32)
(17, 25)
(51, 20)
(28, 71)
(56, 76)
(74, 58)
(38, 23)
(24, 180)
(56, 76)
(17, 89)
(37, 128)
(29, 46)
(82, 65)
(81, 161)
(33, 31)
(56, 76)
(84, 163)
(119, 50)
(90, 72)
(18, 86)
(52, 182)
(41, 52)
(28, 51)
(96, 66)
(56, 66)
(31, 35)
(56, 76)
(56, 76)
(49, 60)
(46, 40)
(71, 62)
(112, 41)
(46, 40)
(22, 40)
(47, 109)
(56, 76)
(56, 76)
(58, 25)
(91, 73)
(56, 76)
(64, 23)
(17, 59)
(19, 87)
(39, 102)
(38, 40)
(56, 76)
(30, 182)
(56, 76)
(22, 57)
(36, 17)
(53, 64)
(103, 63)
(56, 76)
(56, 76)
(23, 92)
(99, 77)
(104, 77)
(18, 57)
(56, 76)
(25, 61)
(100, 76)
(56, 76)
(25, 122)
(56, 76)
(56, 76)
(56, 76)
(56, 76)
(29, 26)
(56, 76)
(73, 66)
(17, 62)
(82, 146)
(33, 79)
(71, 57)
(56, 76)
(129, 34)
(85, 66)
(71, 64)
(56, 76)
(56, 76)
(21, 31)
(21, 49)
(44, 19)
(53, 24)
(211, 178)
(32, 81)
(33, 21)
(102, 73)
(63, 58)
(32, 53)
(18, 71)
(56, 76)
(94, 63)
(31, 80)
(56, 76)
(56, 76)
(67, 60)
(73, 66)
(62, 25)
(41, 59)
(53, 70)
(32, 35)
(20, 110)
(54, 67)
(56, 76)
(72, 66)
(65, 59)
(56, 76)
(114, 47)
(146, 145)
(26, 19)
(26, 26)
(23, 32)
(30, 25)
(72, 62)
(95, 74)
(70, 63)
(56, 76)
(55, 19)
(72, 56)
(66, 60)
(38, 50)
(24, 35)
(17, 72)
(49, 46)
(66, 59)
(99, 72)
(53, 57)
(56, 76)
(32, 58)
(68, 61)
(49, 23)
(94, 62)
(17, 45)
(99, 63)
(40, 20)
(71, 64)
(90, 64)
(52, 180)
(56, 76)
(52, 61)
(66, 59)
(88, 67)
(24, 72)
(73, 66)
(23, 67)
(92, 66)
(61, 17)
(17, 108)
(46, 38)
(21, 54)
(32, 131)
(56, 76)
(91, 65)
(66, 57)
(27, 50)
(65, 21)
(75, 58)
(39, 24)
(67, 60)
(47, 48)
(141, 53)
(56, 76)
(73, 66)
(52, 28)
(151, 150)
(56, 76)
(56, 18)
(55, 17)
(18, 35)
(72, 65)
(63, 58)
(63, 18)
(36, 21)
(48, 56)
(47, 49)
(31, 57)
(33, 37)
(72, 66)
(56, 76)
(33, 37)
(57, 18)
(19, 30)
(35, 47)
(91, 63)
(27, 137)
(57, 22)
(73, 66)
(30, 24)
(91, 67)
(47, 17)
(25, 20)
(152, 145)
(56, 76)
(158, 171)
(17, 89)
(56, 76)
(23, 77)
(185, 169)
(103, 77)
(56, 76)
(56, 76)
(91, 68)
(47, 41)
(56, 76)
(48, 64)
(42, 39)
(24, 28)
(169, 17)
(63, 58)
(53, 21)
(76, 59)
(17, 77)
(153, 20)
(32, 133)
(17, 19)
(17, 71)
(63, 168)
(56, 76)
(19, 27)
(97, 69)
(42, 136)
(56, 76)
(287, 30)
(131, 140)
(23, 68)
(139, 21)
(32, 24)
(90, 69)
(46, 29)
(26, 138)
(90, 66)
(26, 63)
(56, 76)
(61, 26)
(31, 24)
(70, 173)
(41, 101)
(72, 65)
(69, 18)
(56, 76)
(25, 17)
(166, 25)
(63, 111)
(19, 41)
(69, 62)
(56, 76)
(56, 76)
(90, 67)
(40, 173)
(91, 74)
(185, 169)
(72, 65)
(40, 49)
(55, 22)
(56, 76)
(56, 76)
(56, 76)
(51, 35)
(33, 95)
(23, 74)
(56, 76)
(56, 76)
(17, 84)
(51, 68)
(45, 35)
(47, 29)
(56, 76)
(55, 18)
(22, 66)
(31, 72)
(74, 63)
(27, 55)
(72, 65)
(67, 17)
(66, 18)
(95, 66)
(70, 63)
(21, 40)
(44, 56)
(19, 41)
(29, 63)
(147, 24)
(45, 24)
(88, 70)
(56, 76)
(41, 20)
(21, 58)
(66, 59)
(91, 179)
(37, 103)
(19, 108)
(33, 173)
(115, 148)
(56, 76)
(17, 36)
(17, 65)
(61, 17)
(90, 67)
(19, 94)
(65, 59)
(70, 54)
(45, 102)
(29, 22)
(22, 17)
(44, 38)
(56, 76)
(56, 76)
(26, 19)
(22, 56)
(208, 169)
(28, 34)
(56, 76)
(56, 76)
(73, 66)
(71, 64)
(56, 76)
(65, 59)
(164, 30)
(56, 76)
(47, 126)
(31, 67)
(56, 76)
(73, 66)
(36, 40)
(50, 50)
(90, 70)
(47, 57)
(37, 17)
(17, 96)
(37, 21)
(18, 183)
(52, 20)
(39, 39)
(65, 56)
(73, 66)
(73, 66)
(56, 76)
(19, 45)
(56, 76)
(18, 54)
(29, 69)
(56, 76)
(56, 76)
(33, 51)
(101, 78)
(30, 47)
(72, 53)
(56, 76)
(46, 42)
(66, 60)
(72, 65)
(56, 76)
(30, 168)
(38, 52)
(81, 126)
(103, 54)
(20, 47)
(25, 18)
(87, 68)
(21, 166)
(53, 62)
(68, 61)
(17, 77)
(18, 57)
(69, 62)
(56, 76)
(65, 59)
(19, 69)
(17, 31)
(72, 65)
(19, 64)
(102, 173)
(17, 37)
(56, 76)
(67, 19)
(40, 22)
(29, 53)
(73, 66)
(56, 76)
(45, 20)
(56, 76)
(74, 55)
(44, 55)
(19, 39)
(71, 64)
(47, 66)
(52, 67)
(171, 26)
(56, 76)
(24, 56)
(63, 19)
(91, 66)
(71, 64)
(22, 139)
(32, 66)
(56, 76)
(34, 44)
(33, 35)
(82, 70)
(56, 76)
(40, 61)
(102, 58)
(56, 76)
(81, 67)
(73, 66)
(56, 76)
(17, 61)
(33, 77)
(101, 72)
(20, 40)
(56, 76)
(50, 44)
(56, 155)
(48, 58)
(71, 59)
(30, 63)
(33, 30)
(17, 48)
(56, 76)
(70, 63)
(36, 32)
(56, 76)
(34, 25)
(56, 76)
(56, 76)
(26, 61)
(71, 64)
(19, 21)
(17, 88)
(17, 63)
(18, 74)
(22, 61)
(29, 48)
(66, 59)
(56, 76)
(104, 78)
(103, 76)
(26, 66)
(27, 22)
(56, 76)
(56, 76)
(53, 64)
(56, 76)
(20, 161)
(124, 54)
(30, 51)
(172, 158)
(56, 76)
(38, 183)
(28, 170)
(56, 76)
(157, 171)
(72, 112)
(70, 57)
(186, 165)
(74, 58)
(59, 68)
(58, 22)
(50, 149)
(56, 119)
(23, 158)
(67, 54)
(102, 180)
(17, 53)
(166, 164)
(33, 116)
(70, 54)
(158, 46)
(59, 22)
(53, 178)
(121, 38)
(87, 125)
(47, 22)
(17, 35)
(23, 17)
(127, 169)
(42, 53)
(123, 171)
(67, 60)
(45, 67)
(46, 114)
(101, 55)
(29, 121)
(92, 61)
(98, 130)
(19, 23)
(150, 37)
(186, 177)
(46, 28)
(49, 19)
(66, 121)
(45, 46)
(163, 180)
(87, 72)
(72, 65)
(94, 63)
(69, 65)
(33, 74)
(21, 23)
(56, 76)
(20, 115)
(27, 59)
(36, 46)
(58, 154)
(19, 32)
(90, 68)
(25, 31)
(32, 54)
(26, 77)
(18, 86)
(79, 61)
(102, 74)
(56, 76)
(26, 28)
(95, 69)
(56, 76)
(56, 76)
(56, 76)
(61, 68)
(28, 73)
(44, 25)
(91, 73)
(28, 48)
(144, 17)
(68, 61)
(53, 59)
(39, 51)
(93, 61)
(32, 123)
(56, 76)
(63, 58)
(33, 58)
(90, 69)
(56, 76)
(32, 22)
(41, 115)
(101, 73)
(17, 67)
(46, 30)
(88, 124)
(69, 56)
(47, 21)
(19, 135)
(21, 17)
(56, 76)
(56, 76)
(72, 66)
(29, 19)
(17, 54)
(56, 76)
(32, 69)
(48, 58)
(26, 87)
(56, 76)
(17, 47)
(23, 26)
(26, 20)
(58, 21)
(71, 64)
(27, 50)
(101, 60)
(56, 76)
(51, 19)
(19, 62)
(67, 63)
(19, 61)
(45, 20)
(63, 66)
(22, 67)
(37, 21)
(62, 108)
(26, 44)
(56, 76)
(46, 63)
(53, 17)
(40, 34)
(20, 97)
(19, 167)
(66, 63)
(90, 68)
(170, 30)
(56, 76)
(24, 56)
(17, 165)
(53, 70)
(88, 68)
(88, 72)
(56, 76)
(17, 53)
(34, 54)
(60, 20)
(72, 65)
(56, 76)
(56, 76)
(89, 64)
(24, 67)
(66, 19)
(72, 66)
(135, 150)
(56, 76)
(103, 56)
(24, 147)
(26, 27)
(71, 64)
(30, 26)
(59, 19)
(56, 76)
(19, 30)
(43, 18)
(116, 141)
(21, 82)
(64, 19)
(26, 40)
(20, 51)
(21, 53)
(32, 30)
(53, 26)
(118, 133)
(85, 68)
(25, 68)
(17, 84)
(98, 57)
(44, 20)
(32, 76)
(74, 55)
(35, 17)
(33, 77)
(56, 76)
(64, 59)
(56, 76)
(60, 68)
(56, 76)
(73, 66)
(71, 64)
(37, 167)
(17, 56)
(51, 59)
(29, 46)
(33, 73)
(56, 76)
(40, 44)
(18, 27)
(32, 29)
(102, 69)
(24, 101)
(45, 137)
(71, 64)
(24, 79)
(92, 65)
(56, 76)
(56, 76)
(64, 127)
(62, 18)
(53, 28)
(28, 174)
(19, 81)
(18, 18)
(53, 46)
(54, 70)
(20, 26)
(45, 28)
(29, 25)
(66, 59)
(80, 129)
(50, 36)
(56, 76)
(57, 125)
(56, 76)
(17, 48)
(59, 17)
(32, 49)
(65, 17)
(56, 76)
(19, 37)
(97, 64)
(59, 28)
(62, 64)
(39, 128)
(169, 22)
(38, 36)
(161, 160)
(89, 70)
(67, 63)
(56, 76)
(54, 17)
(56, 76)
(37, 173)
(29, 30)
(51, 63)
(56, 76)
(17, 165)
(97, 71)
(21, 24)
(26, 82)
(17, 59)
(179, 157)
(30, 65)
(26, 82)
(19, 129)
(75, 60)
(93, 164)
(70, 57)
(30, 75)
(38, 55)
(45, 135)
(46, 64)
(26, 77)
(92, 65)
(56, 76)
(138, 176)
(56, 76)
(60, 20)
(92, 163)
(56, 76)
(21, 144)
(112, 139)
(89, 72)
(82, 68)
(38, 55)
(38, 54)
(70, 64)
(74, 114)
(77, 62)
(17, 23)
(65, 59)
(56, 76)
(56, 76)
(17, 44)
(89, 68)
(89, 180)
(97, 166)
(71, 64)
(18, 43)
(56, 76)
(66, 150)
(131, 33)
(103, 55)
(101, 66)
(92, 71)
(46, 173)
(92, 61)
(24, 53)
(94, 65)
(31, 52)
(22, 22)
(56, 76)
(48, 65)
(56, 76)
(18, 35)
(23, 57)
(56, 76)
(18, 17)
(75, 62)
(23, 117)
(34, 31)
(69, 52)
(94, 72)
(17, 182)
(22, 72)
(69, 62)
(73, 66)
(49, 18)
(56, 76)
(53, 24)
(24, 56)
(56, 76)
(32, 42)
(56, 20)
(91, 68)
(28, 138)
(33, 25)
(88, 69)
(56, 76)
(43, 54)
(101, 69)
(37, 20)
(57, 72)
(20, 17)
(19, 53)
(56, 76)
(54, 72)
(26, 74)
(51, 147)
(33, 97)
(56, 76)
(74, 58)
(56, 76)
(56, 76)
(91, 69)
(63, 60)
(34, 29)
(38, 18)
(92, 69)
(19, 30)
(56, 76)
(26, 54)
(24, 54)
(72, 55)
(30, 143)
(56, 76)
(53, 176)
(56, 76)
(42, 61)
(87, 66)
(170, 155)
(24, 129)
(56, 76)
(56, 76)
(20, 37)
(35, 62)
(17, 112)
(17, 32)
(25, 94)
(95, 58)
(82, 69)
(58, 71)
(27, 49)
(23, 58)
(20, 179)
(33, 65)
(96, 58)
(56, 76)
(30, 88)
(18, 93)
(65, 59)
(43, 20)
(123, 50)
(21, 66)
(46, 29)
(101, 124)
(30, 176)
(18, 47)
(31, 20)
(17, 27)
(53, 58)
(104, 79)
(56, 76)
(99, 64)
(104, 79)
(77, 58)
(41, 19)
(19, 148)
(39, 40)
(56, 76)
(25, 138)
(56, 76)
(17, 34)
(17, 34)
(30, 48)
(18, 22)
(57, 70)
(18, 77)
(68, 61)
(41, 28)
(23, 175)
(56, 76)
(56, 76)
(58, 64)
(26, 66)
(56, 76)
(104, 79)
(45, 17)
(56, 76)
(21, 17)
(63, 66)
(43, 18)
(57, 20)
(56, 76)
(71, 170)
(64, 21)
(56, 76)
(17, 69)
(36, 20)
(72, 58)
(56, 76)
(56, 76)
(83, 69)
(56, 76)
(71, 64)
(56, 76)
(56, 67)
(28, 157)
(35, 105)
(33, 58)
(65, 59)
(56, 76)
(56, 76)
(48, 47)
(53, 106)
(25, 53)
(52, 56)
(56, 76)
(20, 25)
(71, 64)
(34, 63)
(56, 76)
(36, 29)
(46, 106)
(73, 59)
(31, 43)
(182, 165)
(56, 76)
(41, 18)
(23, 67)
(41, 30)
(56, 76)
(70, 63)
(56, 76)
(24, 177)
(24, 52)
(24, 49)
(56, 76)
(56, 76)
(19, 65)
(90, 65)
(50, 19)
(27, 80)
(17, 67)
(52, 19)
(56, 76)
(47, 22)
(56, 76)
(56, 76)
(23, 36)
(58, 69)
(62, 21)
(18, 74)
(52, 136)
(56, 76)
(67, 60)
(121, 51)
(93, 67)
(23, 28)
(56, 76)
(56, 76)
(106, 164)
(99, 76)
(56, 76)
(56, 23)
(36, 44)
(21, 104)
(121, 40)
(21, 38)
(56, 76)
(56, 76)
(180, 157)
(91, 65)
(44, 57)
(24, 27)
(203, 171)
(21, 48)
(35, 181)
(22, 57)
(127, 139)
(21, 58)
(67, 62)
(56, 173)
(39, 31)
(36, 52)
(106, 131)
(21, 17)
(42, 119)
(90, 66)
(56, 76)
(45, 159)
(73, 57)
(20, 175)
(56, 143)
(141, 143)
(53, 178)
(56, 76)
(20, 37)
(202, 170)
(17, 65)
(120, 140)
(56, 76)
(85, 158)
(18, 67)
(47, 177)
(27, 59)
(22, 156)
(26, 114)
(74, 164)
(162, 39)
(87, 118)
(56, 76)
(65, 61)
(41, 164)
(88, 68)
(72, 65)
(39, 57)
(68, 61)
(72, 64)
(17, 56)
(92, 69)
(56, 76)
(47, 46)
(91, 69)
(34, 48)
(27, 55)
(58, 114)
(40, 25)
(56, 76)
(20, 31)
(20, 27)
(65, 59)
(32, 25)
(53, 24)
(64, 64)
(56, 76)
(56, 76)
(56, 76)
(56, 76)
(56, 76)
(103, 56)
(35, 37)
(56, 76)
(52, 20)
(66, 21)
(56, 76)
(73, 66)
(82, 170)
(72, 170)
(28, 69)
(21, 39)
(64, 58)
(26, 17)
(24, 51)
(24, 41)
(18, 94)
(56, 76)
(30, 172)
(61, 17)
(56, 76)
(46, 54)
(46, 49)
(17, 33)
(75, 163)
(92, 63)
(185, 164)
(24, 54)
(32, 71)
(18, 69)
(37, 145)
(44, 31)
(58, 106)
(26, 67)
(34, 58)
(35, 19)
(64, 112)
(208, 183)
(56, 76)
(56, 76)
(26, 28)
(204, 182)
(62, 21)
(56, 76)
(37, 23)
(33, 98)
(45, 25)
(37, 33)
(56, 76)
(72, 58)
(31, 34)
(27, 17)
(33, 39)
(69, 62)
(103, 65)
(71, 66)
(49, 54)
(69, 61)
(27, 50)
(53, 48)
(19, 59)
(103, 51)
(27, 19)
(53, 22)
(97, 76)
(20, 135)
(19, 96)
(19, 17)
(32, 50)
(69, 116)
(47, 19)
(17, 67)
(90, 65)
(18, 32)
(38, 34)
(23, 24)
(56, 76)
(56, 76)
(79, 61)
(21, 71)
(56, 76)
(45, 50)
(21, 32)
(25, 27)
(35, 17)
(26, 52)
(35, 56)
(28, 49)
(60, 69)
(19, 35)
(56, 76)
(36, 22)
(54, 72)
(51, 71)
(56, 76)
(56, 76)
(22, 58)
(28, 65)
(162, 19)
(56, 76)
(17, 34)
(73, 66)
(24, 46)
(96, 67)
(23, 35)
(54, 20)
(33, 33)
(56, 76)
(88, 73)
(56, 76)
(28, 17)
(74, 56)
(25, 17)
(29, 78)
(75, 65)
(56, 76)
(56, 76)
(56, 76)
(20, 85)
(43, 115)
(45, 53)
(68, 59)
(85, 70)
(33, 72)
(91, 67)
(70, 17)
(87, 178)
(26, 67)
(73, 66)
(43, 24)
(92, 62)
(56, 76)
(91, 65)
(56, 76)
(29, 78)
(92, 63)
(29, 28)
(20, 71)
(54, 19)
(72, 65)
(51, 21)
(51, 21)
(22, 52)
(26, 174)
(53, 47)
(75, 67)
(46, 48)
(123, 139)
(139, 155)
(60, 21)
(66, 115)
(17, 39)
(17, 30)
(70, 63)
(51, 63)
(56, 76)
(25, 68)
(51, 104)
(56, 76)
(28, 47)
(23, 56)
(56, 76)
(70, 64)
(56, 76)
(56, 76)
(56, 76)
(27, 63)
(27, 78)
(56, 76)
(35, 37)
(17, 42)
(17, 49)
(56, 76)
(20, 58)
(24, 64)
(28, 26)
(71, 64)
(28, 50)
(138, 36)
(36, 41)
(56, 76)
(19, 54)
(27, 57)
(103, 58)
(42, 178)
(54, 108)
(63, 112)
(62, 118)
(73, 124)
(20, 58)
(31, 34)
(18, 39)
(94, 183)
(70, 58)
(41, 61)
(32, 81)
(41, 48)
(78, 117)
(59, 68)
(46, 128)
(92, 70)
(54, 25)
(48, 52)
(41, 157)
(92, 70)
(52, 104)
(42, 127)
(103, 50)
(18, 114)
(55, 121)
(69, 18)
(36, 97)
(53, 167)
(56, 76)
(46, 158)
(188, 182)
(92, 65)
(150, 156)
(20, 71)
(56, 76)
(153, 22)
(103, 75)
(73, 57)
(59, 19)
(92, 71)
(63, 58)
(102, 67)
(21, 66)
(46, 45)
(17, 29)
(56, 76)
(56, 76)
(56, 76)
(200, 172)
(68, 18)
(25, 17)
(40, 49)
(18, 171)
(77, 60)
(66, 56)
(26, 17)
(25, 51)
(21, 102)
(69, 62)
(18, 51)
(34, 22)
(56, 76)
(56, 76)
(56, 76)
(18, 19)
(24, 70)
(103, 75)
(56, 76)
(56, 76)
(32, 76)
(56, 76)
(56, 76)
(71, 62)
(17, 47)
(54, 70)
(101, 69)
(56, 76)
(84, 68)
(56, 76)
(73, 66)
(52, 19)
(17, 39)
(21, 69)
(46, 24)
(17, 30)
(103, 53)
(25, 168)
(103, 60)
(52, 33)
(89, 64)
(79, 140)
(28, 27)
(44, 107)
(25, 21)
(32, 175)
(56, 76)
(56, 76)
(53, 57)
(32, 23)
(20, 58)
(22, 70)
(47, 61)
(55, 174)
(56, 76)
(56, 76)
(98, 66)
(32, 64)
(50, 31)
(53, 68)
(87, 69)
(98, 74)
(30, 51)
(142, 33)
(22, 54)
(28, 45)
(56, 76)
(100, 53)
(19, 96)
(73, 66)
(35, 50)
(70, 62)
(73, 66)
(56, 76)
(72, 62)
(56, 76)
(27, 28)
(103, 66)
(91, 64)
(57, 133)
(57, 17)
(42, 21)
(56, 26)
(55, 72)
(56, 76)
(27, 68)
(90, 72)
(22, 19)
(22, 17)
(56, 76)
(31, 48)
(53, 36)
(18, 62)
(56, 76)
(83, 67)
(56, 76)
(96, 72)
(65, 64)
(47, 19)
(19, 64)
(56, 76)
(30, 88)
(65, 17)
(48, 21)
(20, 77)
(102, 51)
(24, 121)
(97, 74)
(118, 135)
(66, 59)
(25, 20)
(56, 76)
(56, 76)
(35, 51)
(64, 58)
(56, 76)
(47, 59)
(56, 76)
(50, 115)
(28, 57)
(20, 139)
(67, 138)
(24, 58)
(56, 76)
(45, 57)
(24, 17)
(98, 75)
(56, 76)
(42, 26)
(56, 76)
(56, 76)
(56, 76)
(50, 52)
(27, 59)
(56, 76)
(28, 48)
(39, 64)
(56, 76)
(24, 109)
(56, 76)
(52, 118)
(56, 76)
(43, 18)
(17, 33)
(72, 60)
(24, 51)
(64, 18)
(72, 65)
(172, 157)
(31, 67)
(18, 65)
(58, 17)
(56, 76)
(24, 87)
(35, 53)
(20, 23)
(56, 76)
(40, 22)
(24, 49)
(50, 18)
(64, 20)
(104, 79)
(29, 49)
(17, 60)
(56, 76)
(49, 52)
(55, 20)
(122, 35)
(27, 37)
(56, 76)
(53, 50)
(56, 76)
(56, 76)
(17, 146)
(73, 66)
(23, 179)
(62, 22)
(40, 63)
(32, 23)
(55, 29)
(47, 55)
(56, 76)
(42, 36)
(56, 76)
(65, 59)
(34, 182)
(66, 59)
(56, 76)
(27, 44)
(23, 22)
(18, 118)
(21, 27)
(56, 76)
(53, 23)
(64, 62)
(36, 19)
(56, 76)
(18, 41)
(87, 66)
(70, 56)
(20, 59)
(73, 66)
(29, 61)
(89, 72)
(46, 158)
(68, 131)
(130, 31)
(25, 17)
(169, 19)
(22, 57)
(17, 98)
(28, 78)
(62, 172)
(33, 77)
(127, 136)
(32, 80)
(41, 46)
(19, 142)
(61, 170)
(31, 170)
(88, 71)
(53, 69)
(111, 158)
(60, 178)
(17, 91)
(56, 76)
(122, 155)
(32, 125)
(67, 59)
(103, 157)
(17, 21)
(133, 153)
(64, 153)
(73, 66)
(75, 168)
(56, 76)
(166, 169)
(56, 76)
(96, 66)
(175, 168)
(69, 120)
(56, 76)
(88, 68)
(126, 38)
(65, 22)
(17, 23)
(56, 76)
(47, 19)
(83, 128)
(56, 76)
(56, 76)
(91, 73)
(56, 76)
(56, 76)
(27, 168)
(73, 59)
(66, 55)
(56, 76)
(56, 76)
(61, 23)
(56, 76)
(42, 62)
(23, 63)
(56, 76)
(19, 57)
(18, 47)
(24, 61)
(55, 17)
(19, 58)
(65, 59)
(56, 76)
(72, 66)
(62, 24)
(56, 76)
(56, 76)
(44, 20)
(73, 61)
(72, 112)
(63, 58)
(32, 18)
(17, 89)
(42, 115)
(92, 64)
(43, 101)
(35, 59)
(63, 59)
(56, 76)
(32, 74)
(37, 29)
(33, 32)
(131, 30)
(36, 18)
(67, 18)
(29, 55)
(17, 171)
(56, 76)
(150, 30)
(122, 164)
(56, 76)
(70, 62)
(159, 21)
(22, 52)
(27, 26)
(18, 165)
(56, 76)
(56, 76)
(56, 76)
(44, 17)
(71, 64)
(105, 79)
(29, 60)
(50, 30)
(33, 52)
(58, 17)
(126, 171)
(56, 76)
(30, 126)
(43, 56)
(29, 147)
(42, 31)
(35, 107)
(56, 76)
(72, 53)
(168, 154)
(20, 25)
(56, 76)
(58, 179)
(20, 175)
(36, 61)
(73, 66)
(56, 76)
(69, 65)
(52, 20)
(62, 153)
(100, 71)
(59, 67)
(68, 54)
(21, 51)
(17, 61)
(56, 76)
(46, 62)
(85, 66)
(34, 22)
(37, 108)
(31, 73)
(88, 65)
(56, 76)
(39, 54)
(31, 118)
(65, 59)
(53, 25)
(71, 64)
(55, 72)
(24, 31)
(56, 76)
(66, 21)
(56, 76)
(70, 51)
(144, 44)
(56, 76)
(67, 20)
(46, 66)
(56, 76)
(59, 28)
(21, 64)
(71, 64)
(56, 76)
(89, 71)
(87, 69)
(68, 61)
(82, 68)
(41, 19)
(19, 84)
(56, 76)
(56, 76)
(50, 19)
(17, 76)
(56, 76)
(18, 36)
(17, 150)
(52, 18)
(56, 76)
(28, 64)
(23, 17)
(74, 63)
(27, 50)
(23, 179)
(22, 56)
(24, 54)
(86, 68)
(17, 51)
(32, 46)
(56, 76)
(17, 102)
(25, 18)
(56, 76)
(103, 72)
(56, 76)
(59, 21)
(19, 165)
(56, 76)
(71, 64)
(50, 60)
(64, 61)
(90, 73)
(22, 29)
(71, 63)
(29, 42)
(67, 60)
(119, 151)
(51, 61)
(36, 56)
(27, 17)
(56, 76)
(56, 76)
(56, 76)
(56, 141)
(65, 58)
(39, 58)
(57, 29)
(22, 57)
(40, 51)
(25, 78)
(33, 58)
(96, 75)
(36, 177)
(89, 72)
(20, 23)
(56, 76)
(66, 60)
(75, 56)
(70, 17)
(56, 76)
(27, 27)
(23, 17)
(99, 151)
(71, 170)
(42, 62)
(23, 74)
(47, 19)
(56, 76)
(90, 63)
(67, 60)
(56, 76)
(89, 66)
(36, 19)
(53, 71)
(24, 87)
(91, 66)
(18, 53)
(54, 67)
(56, 76)
(133, 148)
(135, 177)
(48, 121)
(64, 59)
(63, 122)
(25, 149)
(119, 146)
(19, 43)
(19, 43)
(70, 58)
(56, 76)
(91, 124)
(46, 182)
(59, 21)
(34, 176)
(77, 68)
(56, 76)
(36, 54)
(66, 144)
(191, 169)
(92, 66)
(151, 29)
(28, 87)
(72, 64)
(173, 165)
(126, 170)
(31, 50)
(148, 177)
(53, 66)
(111, 134)
(56, 76)
(64, 111)
(100, 75)
(64, 125)
(33, 171)
(153, 177)
(43, 60)
(23, 183)
(25, 149)
(90, 183)
(56, 76)
(60, 133)
(153, 58)
(31, 71)
(56, 76)
(56, 76)
(18, 181)
(52, 32)
(90, 73)
(56, 76)
(73, 66)
(102, 137)
(102, 69)
(58, 23)
(33, 55)
(53, 66)
(24, 73)
(70, 63)
(56, 76)
(29, 53)
(53, 53)
(56, 76)
(36, 119)
(39, 28)
(124, 135)
(26, 36)
(91, 62)
(60, 23)
(24, 37)
(19, 43)
(56, 19)
(17, 46)
(51, 20)
(104, 77)
(30, 48)
(91, 73)
(166, 158)
(93, 70)
(32, 59)
(64, 58)
(37, 20)
(21, 122)
(48, 22)
(31, 23)
(42, 39)
(19, 33)
(59, 22)
(22, 100)
(24, 22)
(27, 69)
(22, 129)
(29, 181)
(29, 26)
(56, 76)
(56, 76)
(56, 76)
(62, 116)
(56, 76)
(30, 25)
(56, 76)
(25, 96)
(47, 19)
(21, 87)
(33, 32)
(103, 78)
(56, 76)
(50, 65)
(54, 139)
(42, 18)
(29, 24)
(56, 76)
(70, 17)
(41, 24)
(91, 70)
(53, 52)
(34, 112)
(56, 76)
(25, 99)
(68, 61)
(42, 31)
(19, 32)
(32, 36)
(73, 66)
(60, 18)
(73, 66)
(24, 29)
(89, 124)
(128, 168)
(24, 56)
(63, 20)
(114, 146)
(28, 116)
(26, 71)
(61, 60)
(66, 59)
(77, 68)
(56, 76)
(56, 76)
(51, 71)
(37, 23)
(57, 23)
(64, 18)
(90, 64)
(18, 111)
(56, 76)
(35, 23)
(24, 27)
(65, 17)
(40, 20)
(65, 59)
(128, 50)
(21, 44)
(19, 39)
(56, 76)
(19, 78)
(18, 65)
(53, 71)
(22, 50)
(26, 177)
(121, 144)
(51, 21)
(68, 61)
(22, 62)
(60, 17)
(51, 17)
(120, 179)
(64, 59)
(29, 92)
(17, 31)
(65, 22)
(66, 60)
(56, 76)
(30, 56)
(61, 20)
(68, 56)
(53, 19)
(103, 70)
(92, 62)
(44, 30)
(51, 23)
(25, 54)
(33, 93)
(73, 60)
(18, 89)
(95, 66)
(91, 71)
(66, 59)
(18, 25)
(44, 101)
(145, 178)
(30, 21)
(63, 180)
(26, 154)
(23, 106)
(91, 66)
(66, 60)
(56, 76)
(61, 111)
(39, 58)
(17, 86)
(56, 76)
(49, 55)
(20, 96)
(56, 76)
(53, 37)
(47, 117)
(134, 160)
(171, 27)
(56, 76)
(17, 17)
(56, 76)
(129, 37)
(56, 76)
(66, 59)
(88, 137)
(21, 51)
(56, 76)
(86, 126)
(53, 70)
(102, 65)
(55, 20)
(56, 76)
(20, 48)
(33, 93)
(35, 23)
(38, 22)
(66, 60)
(60, 19)
(220, 180)
(91, 74)
(24, 54)
(73, 66)
(47, 19)
(68, 61)
(43, 37)
(33, 175)
(56, 76)
(57, 70)
(44, 66)
(91, 69)
(99, 72)
(17, 29)
(21, 42)
(56, 76)
(17, 93)
(72, 64)
(46, 67)
(56, 76)
(73, 66)
(141, 179)
(116, 133)
(24, 179)
(65, 59)
(34, 153)
(91, 124)
(19, 86)
(70, 58)
(51, 56)
(91, 124)
(56, 76)
(69, 61)
(56, 27)
(40, 135)
(56, 27)
(70, 170)
(94, 66)
(210, 180)
(70, 180)
(43, 45)
(94, 66)
(44, 26)
(43, 25)
(18, 80)
(170, 19)
(18, 104)
(18, 31)
(36, 22)
(101, 139)
(115, 39)
(56, 76)
(174, 154)
(32, 81)
(114, 179)
(85, 182)
(56, 76)
(100, 75)
(56, 76)
(56, 168)
(28, 34)
(56, 76)
(78, 172)
(121, 35)
(56, 76)
(34, 63)
(40, 19)
(103, 59)
(126, 28)
(56, 76)
(24, 21)
(68, 64)
(53, 58)
(53, 60)
(56, 76)
(148, 179)
(31, 60)
(29, 17)
(17, 92)
(17, 121)
(26, 27)
(73, 66)
(47, 19)
(65, 62)
(45, 19)
(20, 31)
(38, 117)
(175, 168)
(52, 21)
(112, 41)
(42, 39)
(90, 69)
(56, 76)
(21, 169)
(26, 27)
(24, 54)
(51, 45)
(37, 107)
(58, 23)
(54, 26)
(17, 170)
(56, 76)
(29, 25)
(20, 44)
(37, 21)
(56, 76)
(56, 76)
(56, 76)
(22, 60)
(92, 69)
(141, 45)
(46, 46)
(56, 76)
(33, 82)
(20, 69)
(71, 64)
(60, 175)
(56, 76)
(56, 76)
(48, 26)
(31, 59)
(46, 59)
(56, 76)
(55, 111)
(119, 57)
(56, 76)
(38, 160)
(100, 58)
(101, 78)
(56, 76)
(56, 76)
(17, 125)
(56, 76)
(26, 61)
(22, 77)
(56, 76)
(71, 63)
(72, 66)
(67, 60)
(24, 54)
(141, 174)
(29, 59)
(23, 24)
(56, 76)
(45, 65)
(79, 177)
(59, 18)
(39, 171)
(66, 21)
(54, 71)
(56, 76)
(31, 183)
(58, 169)
(30, 145)
(60, 22)
(66, 60)
(25, 77)
(56, 76)
(42, 25)
(101, 125)
(52, 31)
(18, 58)
(40, 60)
(70, 63)
(56, 76)
(56, 76)
(39, 58)
(69, 62)
(18, 127)
(85, 67)
(68, 61)
(62, 108)
(81, 183)
(68, 60)
(56, 76)
(118, 137)
(70, 63)
(25, 53)
(30, 38)
(35, 182)
(60, 113)
(56, 76)
(45, 59)
(70, 62)
(48, 65)
(100, 164)
(17, 63)
(58, 17)
(36, 131)
(56, 76)
(56, 76)
(34, 22)
(69, 64)
(56, 76)
(97, 63)
(34, 30)
(20, 46)
(21, 27)
(39, 19)
(93, 63)
(56, 76)
(83, 66)
(56, 76)
(22, 56)
(56, 76)
(20, 62)
(18, 81)
(56, 76)
(56, 76)
(29, 61)
(91, 67)
(67, 60)
(46, 19)
(38, 136)
(100, 78)
(24, 31)
(43, 66)
(72, 65)
(17, 39)
(53, 71)
(62, 17)
(17, 64)
(60, 25)
(57, 64)
(63, 58)
(62, 18)
(56, 76)
(30, 45)
(99, 61)
(28, 162)
(42, 115)
(35, 175)
(68, 61)
(56, 76)
(39, 29)
(56, 76)
(26, 52)
(20, 93)
(56, 76)
(45, 62)
(53, 25)
(56, 76)
(49, 55)
(56, 76)
(31, 61)
(28, 25)
(54, 19)
(74, 58)
(49, 70)
(31, 42)
(89, 66)
(56, 76)
(56, 76)
(56, 76)
(20, 39)
(56, 76)
(50, 61)
(100, 66)
(66, 59)
(39, 18)
(56, 76)
(33, 171)
(69, 52)
(56, 76)
(105, 79)
(32, 39)
(72, 64)
(43, 21)
(72, 65)
(165, 95)
(17, 71)
(23, 55)
(65, 59)
(71, 60)
(92, 69)
(51, 52)
(123, 183)
(29, 178)
(56, 182)
(37, 140)
(31, 73)
(69, 115)
(17, 31)
(56, 76)
(47, 178)
(56, 27)
(28, 178)
(38, 172)
(127, 146)
(18, 62)
(20, 34)
(65, 58)
(17, 29)
(140, 27)
(18, 62)
(56, 25)
(34, 24)
(103, 74)
(36, 138)
(29, 127)
(164, 21)
(56, 76)
(19, 93)
(31, 94)
(21, 142)
(25, 34)
(22, 105)
(36, 63)
(17, 86)
(46, 157)
(17, 52)
(87, 69)
(85, 151)
(56, 76)
(100, 71)
(37, 38)
(56, 76)
(42, 183)
(56, 76)
(59, 65)
(21, 30)
(172, 18)
(56, 76)
(56, 76)
(33, 69)
(56, 76)
(35, 182)
(35, 45)
(56, 30)
(68, 17)
(95, 59)
(28, 20)
(41, 165)
(26, 51)
(40, 165)
(46, 175)
(80, 119)
(27, 179)
(18, 33)
(56, 76)
(94, 59)
(39, 27)
(63, 58)
(69, 60)
(73, 58)
(70, 63)
(92, 167)
(29, 63)
(108, 46)
(53, 69)
(66, 60)
(30, 167)
(167, 32)
(51, 58)
(32, 57)
(203, 174)
(23, 19)
(36, 59)
(24, 54)
(56, 76)
(56, 76)
(17, 77)
(35, 47)
(22, 27)
(38, 62)
(100, 76)
(51, 35)
(24, 170)
(29, 84)
(46, 23)
(64, 58)
(17, 34)
(38, 31)
(99, 63)
(56, 76)
(39, 27)
(102, 70)
(100, 75)
(31, 42)
(54, 23)
(31, 71)
(56, 76)
(56, 76)
(68, 18)
(56, 76)
(57, 180)
(56, 76)
(102, 77)
(125, 49)
(23, 28)
(20, 26)
(17, 180)
(71, 59)
(36, 23)
(69, 62)
(56, 76)
(56, 76)
(73, 66)
(66, 19)
(68, 17)
(30, 48)
(23, 66)
(56, 76)
(33, 23)
(75, 56)
(23, 22)
(27, 19)
(52, 57)
(24, 17)
(56, 76)
(56, 76)
(37, 62)
(56, 76)
(56, 76)
(28, 49)
(103, 78)
(23, 56)
(53, 52)
(52, 19)
(56, 76)
(56, 76)
(17, 79)
(89, 66)
(53, 19)
(32, 40)
(41, 21)
(56, 76)
(115, 43)
(73, 54)
(56, 76)
(64, 59)
(32, 117)
(20, 20)
(39, 53)
(17, 54)
(24, 19)
(25, 69)
(68, 61)
(19, 39)
(56, 76)
(56, 76)
(59, 25)
(22, 28)
(90, 67)
(53, 17)
(18, 32)
(99, 125)
(38, 20)
(36, 48)
(17, 61)
(36, 153)
(68, 61)
(56, 76)
(66, 62)
(56, 76)
(18, 125)
(47, 29)
(17, 57)
(20, 17)
(59, 65)
(91, 66)
(17, 48)
(124, 134)
(19, 83)
(43, 18)
(38, 156)
(28, 96)
(69, 61)
(38, 140)
(56, 76)
(56, 76)
(17, 63)
(45, 31)
(56, 76)
(56, 76)
(88, 65)
(56, 76)
(185, 168)
(56, 76)
(56, 76)
(23, 47)
(34, 35)
(56, 76)
(58, 17)
(56, 76)
(64, 58)
(56, 76)
(63, 58)
(67, 18)
(63, 112)
(30, 77)
(62, 17)
(25, 181)
(52, 165)
(69, 62)
(149, 144)
(35, 41)
(68, 63)
(32, 181)
(67, 19)
(63, 58)
(82, 179)
(72, 65)
(56, 106)
(56, 76)
(42, 60)
(101, 75)
(65, 59)
(65, 59)
(56, 76)
(52, 25)
(87, 124)
(17, 182)
(33, 41)
(35, 33)
(24, 32)
(56, 76)
(18, 47)
(91, 69)
(26, 26)
(56, 76)
(29, 25)
(56, 76)
(68, 61)
(20, 47)
(56, 76)
(17, 18)
(33, 48)
(131, 140)
(218, 182)
(73, 55)
(52, 146)
(32, 174)
(48, 28)
(25, 172)
(41, 64)
(49, 59)
(57, 176)
(69, 62)
(63, 59)
(97, 71)
(66, 59)
(59, 63)
(23, 46)
(129, 50)
(22, 83)
(182, 165)
(82, 130)
(53, 65)
(102, 53)
(30, 40)
(88, 65)
(53, 59)
(42, 32)
(30, 183)
(19, 163)
(162, 155)
(93, 127)
(31, 172)
(159, 151)
(26, 64)
(103, 129)
(56, 76)
(67, 57)
(63, 58)
(47, 18)
(56, 76)
(56, 76)
(56, 76)
(33, 97)
(73, 66)
(56, 76)
(35, 98)
(46, 63)
(56, 76)
(102, 51)
(38, 98)
(30, 30)
(53, 54)
(17, 29)
(17, 28)
(53, 35)
(91, 72)
(56, 76)
(44, 17)
(30, 53)
(40, 151)
(169, 23)
(51, 51)
(71, 65)
(62, 63)
(27, 50)
(52, 44)
(47, 116)
(56, 76)
(99, 71)
(24, 31)
(24, 66)
(88, 65)
(56, 19)
(56, 76)
(34, 55)
(56, 76)
(30, 25)
(192, 167)
(18, 62)
(34, 29)
(32, 57)
(86, 174)
(69, 62)
(96, 183)
(41, 19)
(56, 76)
(41, 62)
(56, 76)
(56, 76)
(20, 31)
(47, 19)
(30, 146)
(42, 120)
(56, 76)
(56, 76)
(90, 65)
(70, 62)
(72, 55)
(56, 76)
(56, 18)
(56, 76)
(31, 53)
(66, 19)
(89, 70)
(82, 70)
(43, 42)
(56, 76)
(40, 29)
(171, 159)
(56, 76)
(95, 64)
(29, 38)
(23, 29)
(49, 63)
(29, 68)
(56, 76)
(27, 73)
(93, 146)
(59, 110)
(48, 142)
(18, 51)
(68, 64)
(58, 70)
(56, 76)
(56, 76)
(47, 18)
(28, 17)
(20, 29)
(88, 69)
(72, 66)
(31, 48)
(17, 70)
(76, 62)
(48, 50)
(17, 55)
(56, 76)
(61, 176)
(18, 17)
(23, 65)
(47, 124)
(91, 70)
(96, 132)
(146, 22)
(125, 149)
(55, 17)
(56, 76)
(17, 51)
(56, 76)
(26, 52)
(53, 43)
(56, 73)
(84, 68)
(33, 56)
(80, 137)
(91, 65)
(19, 81)
(64, 58)
(23, 177)
(90, 71)
(54, 21)
(23, 128)
(53, 70)
(17, 87)
(72, 66)
(26, 44)
(20, 173)
(31, 77)
(43, 135)
(22, 26)
(67, 63)
(56, 76)
(44, 175)
(27, 88)
(90, 66)
(57, 18)
(115, 52)
(93, 183)
(56, 76)
(50, 33)
(28, 58)
(20, 145)
(49, 67)
(25, 30)
(18, 33)
(61, 17)
(56, 76)
(64, 20)
(55, 67)
(46, 19)
(38, 19)
(47, 19)
(85, 71)
(20, 26)
(90, 72)
(28, 78)
(56, 76)
(23, 150)
(52, 19)
(52, 181)
(56, 76)
(73, 66)
(68, 18)
(151, 61)
(21, 44)
(57, 19)
(56, 76)
(17, 35)
(38, 104)
(65, 59)
(88, 65)
(56, 76)
(30, 28)
(56, 76)
(88, 67)
(33, 62)
(56, 76)
(56, 76)
(45, 115)
(49, 64)
(25, 37)
(71, 63)
(141, 50)
(46, 25)
(17, 52)
(91, 62)
(70, 63)
(22, 26)
(69, 61)
(19, 89)
(17, 135)
(26, 27)
(45, 17)
(56, 76)
(31, 92)
(43, 22)
(60, 69)
(22, 57)
(19, 31)
(56, 76)
(63, 21)
(91, 69)
(27, 88)
(72, 65)
(56, 28)
(56, 76)
(32, 47)
(66, 60)
(65, 59)
(159, 149)
(18, 48)
(62, 18)
(124, 143)
(30, 179)
(166, 182)
(24, 72)
(117, 136)
(56, 76)
(149, 144)
(67, 60)
(148, 18)
(22, 36)
(62, 18)
(116, 179)
(71, 54)
(23, 80)
(67, 60)
(69, 17)
(32, 176)
(38, 28)
(73, 58)
(140, 145)
(51, 64)
(68, 63)
(42, 63)
(37, 106)
(62, 18)
(50, 44)
(43, 31)
(90, 175)
(92, 61)
(115, 46)
(76, 158)
(54, 177)
(61, 148)
(34, 32)
(56, 76)
(71, 60)
(32, 44)
(64, 58)
(18, 149)
(27, 183)
(56, 76)
(21, 94)
(56, 76)
(56, 76)
(53, 66)
(32, 70)
(18, 18)
(117, 36)
(50, 43)
(33, 154)
(71, 63)
(63, 18)
(37, 20)
(42, 64)
(17, 152)
(72, 65)
(20, 88)
(47, 18)
(69, 62)
(31, 180)
(56, 76)
(56, 76)
(56, 76)
(56, 76)
(27, 51)
(26, 25)
(50, 17)
(30, 79)
(165, 24)
(121, 55)
(69, 62)
(17, 31)
(67, 20)
(54, 71)
(37, 56)
(42, 19)
(66, 60)
(66, 60)
(56, 76)
(35, 39)
(52, 134)
(71, 64)
(25, 71)
(17, 63)
(20, 79)
(27, 80)
(23, 45)
(19, 125)
(56, 76)
(21, 23)
(19, 19)
(31, 18)
(56, 76)
(45, 34)
(27, 83)
(106, 130)
(56, 76)
(52, 44)
(94, 59)
(56, 76)
(70, 63)
(56, 76)
(33, 37)
(26, 27)
(68, 61)
(45, 179)
(34, 28)
(25, 19)
(21, 29)
(56, 76)
(21, 42)
(56, 76)
(27, 18)
(52, 25)
(96, 67)
(25, 24)
(71, 60)
(99, 58)
(46, 19)
(72, 66)
(56, 76)
(56, 76)
(114, 48)
(26, 52)
(102, 68)
(35, 102)
(151, 29)
(28, 36)
(56, 76)
(99, 71)
(28, 58)
(27, 50)
(79, 117)
(89, 156)
(56, 19)
(29, 58)
(101, 148)
(72, 66)
(26, 166)
(23, 51)
(63, 175)
(33, 75)
(52, 62)
(53, 36)
(56, 76)
(48, 23)
(18, 92)
(24, 43)
(62, 17)
(17, 17)
(26, 51)
(27, 22)
(50, 105)
(121, 142)
(56, 76)
(35, 24)
(68, 61)
(63, 58)
(28, 21)
(68, 61)
(53, 62)
(20, 39)
(56, 76)
(153, 56)
(71, 61)
(56, 76)
(31, 40)
(24, 54)
(56, 76)
(56, 76)
(56, 76)
(164, 30)
(21, 28)
(28, 25)
(20, 28)
(183, 171)
(18, 75)
(56, 76)
(53, 34)
(18, 25)
(42, 17)
(93, 63)
(40, 183)
(18, 53)
(63, 58)
(92, 130)
(56, 76)
(74, 56)
(56, 76)
(46, 53)
(44, 17)
(24, 62)
(70, 58)
(70, 60)
(17, 150)
(56, 76)
(51, 42)
(71, 64)
(21, 56)
(56, 76)
(56, 76)
(19, 20)
(18, 41)
(97, 67)
(32, 64)
(17, 121)
(45, 19)
(40, 31)
(35, 51)
(18, 66)
(56, 76)
(97, 75)
(18, 34)
(46, 152)
(42, 49)
(29, 35)
(56, 76)
(56, 76)
(68, 56)
(72, 65)
(70, 63)
(43, 63)
(47, 17)
(47, 54)
(56, 76)
(19, 30)
(53, 116)
(73, 66)
(58, 168)
(26, 45)
(29, 172)
(23, 25)
(31, 26)
(19, 33)
(52, 17)
(39, 66)
(94, 65)
(30, 69)
(65, 59)
(56, 76)
(22, 63)
(45, 19)
(22, 23)
(56, 76)
(25, 53)
(17, 172)
(107, 130)
(56, 76)
(17, 107)
(112, 150)
(98, 66)
(18, 111)
(64, 59)
(25, 20)
(52, 49)
(172, 174)
(73, 55)
(138, 18)
(224, 176)
(63, 182)
(54, 67)
(21, 86)
(178, 166)
(86, 67)
(56, 76)
(36, 172)
(56, 76)
(17, 114)
(92, 63)
(71, 52)
(63, 64)
(25, 17)
(23, 174)
(36, 45)
(102, 51)
(70, 65)
(71, 64)
(45, 24)
(95, 63)
(67, 60)
(17, 84)
(18, 58)
(152, 19)
(33, 183)
(55, 118)
(52, 49)
(31, 65)
(26, 36)
(56, 76)
(70, 62)
(50, 170)
(56, 76)
(18, 31)
(100, 53)
(102, 76)
(44, 19)
(70, 59)
(56, 76)
(40, 19)
(56, 76)
(17, 72)
(20, 94)
(53, 59)
(35, 59)
(39, 66)
(92, 66)
(100, 75)
(51, 49)
(23, 78)
(33, 74)
(18, 18)
(25, 94)
(51, 63)
(43, 19)
(19, 114)
(40, 111)
(52, 158)
(25, 38)
(98, 59)
(56, 76)
(45, 57)
(58, 29)
(172, 28)
(64, 58)
(92, 61)
(56, 76)
(17, 166)
(19, 94)
(19, 41)
(45, 33)
(56, 76)
(51, 36)
(56, 76)
(56, 76)
(20, 111)
(56, 76)
(86, 121)
(38, 114)
(68, 63)
(65, 56)
(56, 76)
(26, 66)
(56, 76)
(69, 63)
(56, 76)
(56, 76)
(70, 62)
(17, 34)
(66, 55)
(31, 19)
(40, 57)
(178, 166)
(112, 132)
(56, 76)
(56, 76)
(22, 177)
(63, 17)
(21, 40)
(71, 64)
(18, 150)
(56, 65)
(76, 134)
(56, 76)
(26, 75)
(91, 128)
(56, 76)
(51, 19)
(64, 58)
(127, 183)
(145, 163)
(29, 35)
(82, 65)
(153, 64)
(29, 90)
(21, 59)
(55, 23)
(51, 152)
(36, 35)
(56, 76)
(90, 71)
(35, 58)
(56, 76)
(17, 178)
(50, 19)
(56, 76)
(56, 76)
(22, 72)
(33, 63)
(56, 76)
(56, 76)
(101, 65)
(21, 43)
(66, 60)
(64, 21)
(63, 58)
(52, 118)
(18, 26)
(26, 76)
(57, 71)
(57, 64)
(31, 26)
(56, 76)
(19, 19)
(25, 165)
(56, 76)
(56, 76)
(43, 145)
(56, 76)
(56, 76)
(22, 147)
(65, 63)
(56, 76)
(89, 71)
(62, 62)
(53, 57)
(75, 61)
(33, 59)
(22, 58)
(91, 66)
(56, 76)
(56, 76)
(22, 18)
(156, 49)
(56, 76)
(52, 43)
(97, 56)
(38, 54)
(102, 126)
(68, 144)
(80, 63)
(56, 76)
(37, 179)
(56, 76)
(17, 66)
(38, 62)
(56, 76)
(56, 76)
(24, 56)
(52, 37)
(51, 62)
(21, 33)
(34, 22)
(56, 76)
(18, 50)
(56, 76)
(24, 56)
(56, 76)
(56, 76)
(89, 69)
(45, 68)
(72, 66)
(25, 44)
(26, 52)
(19, 148)
(102, 59)
(101, 64)
(37, 57)
(56, 76)
(17, 169)
(53, 31)
(17, 20)
(90, 73)
(38, 20)
(49, 20)
(103, 78)
(67, 60)
(17, 59)
(56, 76)
(56, 76)
(18, 48)
(56, 76)
(64, 58)
(56, 76)
(56, 76)
(85, 66)
(42, 55)
(56, 76)
(18, 92)
(51, 50)
(42, 46)
(89, 70)
(167, 158)
(56, 76)
(29, 142)
(17, 46)
(49, 44)
(127, 32)
(26, 60)
(52, 55)
(40, 182)
(56, 76)
(29, 36)
(72, 65)
(26, 67)
(19, 134)
(17, 49)
(18, 17)
(72, 65)
(21, 36)
(56, 76)
(147, 155)
(27, 78)
(17, 84)
(32, 74)
(130, 178)
(50, 28)
(27, 51)
(57, 115)
(26, 41)
(76, 65)
(56, 76)
(88, 131)
(66, 56)
(56, 76)
(116, 145)
(77, 183)
(29, 17)
(56, 68)
(29, 160)
(68, 63)
(71, 63)
(128, 32)
(74, 61)
(18, 43)
(17, 84)
(34, 112)
(166, 20)
(58, 180)
(47, 42)
(32, 21)
(85, 66)
(86, 130)
(59, 69)
(56, 76)
(32, 21)
(107, 130)
(17, 99)
(72, 65)
(56, 76)
(30, 177)
(68, 60)
(56, 76)
(56, 76)
(51, 50)
(61, 68)
(90, 64)
(25, 23)
(56, 76)
(55, 114)
(122, 57)
(29, 103)
(72, 65)
(36, 61)
(25, 18)
(21, 93)
(17, 80)
(56, 76)
(21, 65)
(69, 61)
(30, 25)
(90, 73)
(17, 57)
(23, 55)
(18, 118)
(44, 22)
(29, 56)
(29, 106)
(56, 65)
(56, 76)
(56, 76)
(29, 177)
(72, 65)
(86, 137)
(56, 71)
(68, 18)
(63, 58)
(71, 64)
(24, 32)
(45, 65)
(31, 166)
(50, 55)
(17, 110)
(63, 58)
(87, 66)
(19, 94)
(18, 55)
(45, 66)
(56, 76)
(46, 134)
(36, 172)
(19, 53)
(30, 39)
(20, 17)
(17, 84)
(27, 171)
(26, 176)
(68, 61)
(60, 69)
(49, 64)
(56, 76)
(69, 62)
(29, 67)
(79, 61)
(56, 76)
(46, 158)
(17, 34)
(25, 24)
(74, 164)
(56, 76)
(23, 140)
(69, 53)
(194, 174)
(56, 76)
(56, 76)
(32, 23)
(41, 60)
(56, 76)
(99, 72)
(43, 52)
(36, 42)
(65, 59)
(56, 76)
(28, 70)
(63, 58)
(120, 159)
(57, 71)
(18, 167)
(101, 68)
(58, 182)
(49, 59)
(69, 61)
(63, 58)
(56, 76)
(18, 41)
(63, 180)
(56, 76)
(53, 42)
(67, 60)
(91, 66)
(71, 62)
(32, 86)
(72, 65)
(170, 26)
(22, 28)
(20, 31)
(26, 52)
(43, 20)
(101, 73)
(105, 80)
(25, 17)
(43, 64)
(102, 73)
(45, 65)
(104, 79)
(51, 48)
(25, 53)
(44, 41)
(62, 64)
(23, 22)
(47, 66)
(105, 166)
(17, 31)
(56, 76)
(72, 66)
(28, 74)
(71, 59)
(18, 113)
(63, 58)
(51, 18)
(46, 31)
(92, 66)
(35, 22)
(26, 17)
(57, 19)
(49, 104)
(90, 64)
(69, 62)
(61, 23)
(49, 19)
(41, 46)
(49, 19)
(103, 52)
(90, 66)
(17, 163)
(48, 21)
(23, 47)
(166, 153)
(76, 60)
(35, 20)
(20, 75)
(28, 89)
(59, 69)
(23, 46)
(37, 34)
(56, 76)
(19, 41)
(65, 19)
(75, 57)
(117, 41)
(43, 19)
(38, 23)
(31, 18)
(56, 76)
(56, 76)
(18, 104)
(26, 74)
(56, 76)
(26, 54)
(56, 76)
(72, 60)
(105, 80)
(175, 179)
(56, 76)
(57, 71)
(65, 20)
(63, 58)
(19, 180)
(60, 17)
(62, 181)
(19, 32)
(32, 22)
(39, 107)
(17, 35)
(71, 55)
(96, 60)
(18, 24)
(59, 26)
(56, 76)
(56, 76)
(175, 20)
(48, 56)
(72, 65)
(31, 21)
(73, 57)
(41, 19)
(52, 66)
(22, 63)
(17, 58)
(22, 37)
(18, 37)
(27, 181)
(33, 53)
(26, 26)
(56, 76)
(92, 125)
(73, 66)
(73, 66)
(23, 62)
(53, 43)
(18, 38)
(21, 60)
(167, 177)
(25, 17)
(50, 37)
(57, 64)
(43, 176)
(54, 130)
(101, 53)
(56, 76)
(26, 19)
(51, 107)
(141, 161)
(56, 76)
(52, 57)
(48, 104)
(56, 76)
(27, 24)
(17, 38)
(19, 32)
(64, 155)
(90, 63)
(45, 21)
(56, 76)
(100, 54)
(68, 162)
(49, 40)
(56, 76)
(26, 46)
(96, 71)
(24, 28)
(20, 78)
(93, 64)
(47, 56)
(103, 73)
(45, 179)
(56, 76)
(56, 76)
(125, 151)
(56, 76)
(73, 66)
(23, 43)
(56, 76)
(27, 29)
(59, 65)
(56, 76)
(56, 76)
(56, 76)
(67, 64)
(35, 46)
(50, 39)
(73, 66)
(40, 44)
(23, 45)
(44, 182)
(100, 69)
(40, 21)
(17, 45)
(56, 76)
(27, 77)
(35, 33)
(20, 31)
(56, 76)
(56, 76)
(87, 180)
(46, 24)
(40, 54)
(29, 25)
(56, 76)
(73, 66)
(46, 21)
(56, 76)
(56, 76)
(56, 76)
(77, 64)
(56, 76)
(53, 54)
(17, 52)
(46, 62)
(29, 25)
(97, 69)
(21, 40)
(56, 76)
(70, 17)
(92, 64)
(56, 76)
(31, 25)
(52, 32)
(17, 46)
(56, 76)
(91, 73)
(54, 33)
(30, 59)
(56, 76)
(26, 71)
(31, 166)
(33, 66)
(56, 76)
(71, 145)
(19, 71)
(37, 33)
(22, 22)
(88, 73)
(69, 65)
(72, 66)
(57, 19)
(68, 59)
(63, 58)
(67, 60)
(56, 76)
(17, 69)
(56, 76)
(32, 99)
(40, 32)
(49, 52)
(73, 60)
(30, 39)
(72, 64)
(35, 58)
(73, 66)
(59, 27)
(56, 76)
(41, 19)
(31, 72)
(27, 63)
(23, 39)
(53, 49)
(56, 76)
(203, 85)
(67, 60)
(73, 65)
(19, 26)
(73, 66)
(69, 18)
(63, 58)
(18, 17)
(63, 58)
(29, 56)
(17, 64)
(22, 29)
(120, 59)
(56, 76)
(56, 76)
(95, 67)
(50, 63)
(47, 19)
(58, 63)
(18, 171)
(53, 26)
(21, 31)
(17, 89)
(29, 101)
(32, 22)
(56, 70)
(56, 76)
(26, 77)
(56, 76)
(56, 24)
(86, 71)
(54, 69)
(51, 50)
(57, 17)
(26, 176)
(56, 76)
(39, 178)
(17, 47)
(31, 21)
(46, 21)
(69, 62)
(30, 24)
(26, 52)
(19, 33)
(24, 17)
(56, 76)
(22, 53)
(18, 75)
(56, 76)
(72, 65)
(56, 76)
(37, 22)
(47, 49)
(44, 61)
(27, 37)
(27, 57)
(24, 56)
(34, 25)
(135, 19)
(43, 177)
(38, 20)
(43, 19)
(64, 58)
(56, 76)
(73, 66)
(24, 99)
(53, 69)
(56, 31)
(38, 49)
(21, 91)
(63, 59)
(56, 76)
(83, 172)
(69, 64)
(53, 42)
(19, 33)
(35, 64)
(28, 71)
(17, 19)
(17, 88)
(65, 18)
(30, 63)
(37, 62)
(17, 61)
(26, 45)
(27, 46)
(51, 113)
(30, 52)
(88, 70)
(47, 20)
(19, 55)
(63, 24)
(24, 55)
(62, 173)
(23, 79)
(38, 28)
(82, 65)
(26, 52)
(33, 116)
(56, 76)
(51, 19)
(40, 34)
(56, 76)
(55, 18)
(29, 48)
(20, 70)
(54, 17)
(27, 51)
(54, 28)
(133, 32)
(17, 44)
(102, 75)
(56, 76)
(23, 29)
(88, 135)
(30, 48)
(32, 112)
(56, 76)
(40, 37)
(17, 46)
(56, 76)
(73, 66)
(19, 24)
(50, 67)
(53, 107)
(45, 181)
(21, 45)
(96, 67)
(124, 176)
(56, 76)
(23, 32)
(32, 97)
(118, 161)
(19, 65)
(136, 166)
(61, 180)
(69, 62)
(91, 62)
(33, 101)
(18, 28)
(101, 53)
(72, 124)
(56, 76)
(32, 41)
(78, 120)
(17, 31)
(69, 135)
(25, 32)
(46, 17)
(125, 137)
(19, 56)
(48, 69)
(180, 91)
(47, 66)
(72, 65)
(83, 130)
(56, 76)
(157, 48)
(17, 17)
(24, 75)
(96, 152)
(34, 58)
(19, 183)
(56, 76)
(175, 175)
(21, 30)
(72, 58)
(18, 99)
(56, 76)
(56, 76)
(67, 60)
(54, 69)
(61, 65)
(20, 53)
(166, 29)
(102, 78)
(26, 145)
(56, 76)
(20, 62)
(64, 21)
(83, 119)
(61, 23)
(73, 66)
(100, 70)
(90, 63)
(43, 30)
(26, 50)
(20, 31)
(41, 165)
(92, 70)
(18, 77)
(21, 64)
(68, 55)
(22, 148)
(45, 149)
(56, 76)
(22, 47)
(66, 137)
(31, 180)
(63, 58)
(30, 48)
(19, 74)
(24, 38)
(56, 76)
(25, 79)
(56, 76)
(63, 23)
(102, 77)
(73, 66)
(64, 63)
(79, 115)
(37, 55)
(40, 174)
(68, 63)
(52, 58)
(102, 134)
(87, 66)
(54, 181)
(66, 120)
(56, 76)
(64, 60)
(22, 49)
(91, 68)
(32, 62)
(32, 23)
(51, 19)
(56, 76)
(24, 100)
(17, 25)
(56, 76)
(17, 38)
(57, 20)
(32, 18)
(27, 95)
(23, 63)
(33, 74)
(31, 37)
(53, 21)
(101, 72)
(26, 25)
(31, 139)
(58, 115)
(23, 113)
(56, 31)
(55, 72)
(56, 76)
(62, 24)
(35, 35)
(17, 49)
(56, 76)
(17, 171)
(56, 76)
(120, 132)
(34, 39)
(65, 60)
(56, 76)
(63, 58)
(81, 69)
(17, 34)
(53, 60)
(22, 64)
(56, 76)
(36, 17)
(34, 57)
(91, 62)
(40, 171)
(52, 67)
(56, 76)
(50, 32)
(20, 17)
(37, 28)
(56, 76)
(89, 68)
(47, 59)
(56, 76)
(17, 27)
(73, 66)
(84, 175)
(32, 48)
(20, 173)
(56, 76)
(56, 76)
(65, 59)
(18, 28)
(26, 67)
(17, 84)
(32, 60)
(49, 38)
(71, 64)
(41, 17)
(30, 21)
(17, 28)
(52, 66)
(41, 50)
(21, 38)
(56, 76)
(51, 34)
(17, 33)
(23, 53)
(27, 66)
(26, 60)
(18, 90)
(91, 65)
(28, 84)
(124, 137)
(56, 76)
(22, 29)
(56, 76)
(70, 57)
(35, 31)
(69, 18)
(43, 20)
(42, 33)
(56, 76)
(44, 41)
(24, 50)
(54, 151)
(56, 76)
(56, 76)
(22, 23)
(54, 19)
(47, 19)
(52, 35)
(56, 76)
(56, 76)
(162, 25)
(56, 76)
(69, 18)
(59, 26)
(64, 58)
(56, 76)
(64, 59)
(18, 50)
(25, 178)
(57, 64)
(17, 44)
(56, 76)
(71, 63)
(19, 50)
(47, 42)
(56, 76)
(23, 45)
(73, 66)
(50, 33)
(22, 60)
(30, 25)
(56, 76)
(18, 81)
(24, 33)
(56, 76)
(56, 76)
(41, 59)
(22, 57)
(71, 64)
(24, 65)
(25, 60)
(68, 121)
(72, 65)
(30, 71)
(20, 55)
(56, 76)
(26, 77)
(56, 76)
(41, 56)
(25, 57)
(38, 153)
(46, 17)
(52, 34)
(29, 33)
(56, 76)
(35, 53)
(17, 173)
(56, 76)
(26, 65)
(19, 63)
(21, 53)
(25, 70)
(24, 98)
(38, 28)
(25, 17)
(56, 76)
(46, 176)
(39, 20)
(17, 92)
(43, 37)
(65, 132)
(26, 124)
(56, 167)
(56, 76)
(74, 113)
(20, 34)
(105, 80)
(56, 76)
(136, 166)
(30, 156)
(31, 21)
(32, 170)
(38, 46)
(54, 114)
(56, 76)
(17, 49)
(42, 41)
(89, 69)
(56, 76)
(54, 25)
(83, 68)
(80, 122)
(19, 68)
(17, 22)
(53, 31)
(23, 19)
(56, 76)
(17, 35)
(56, 76)
(87, 66)
(28, 84)
(26, 38)
(36, 22)
(56, 76)
(53, 66)
(59, 21)
(62, 19)
(69, 65)
(21, 30)
(50, 18)
(101, 74)
(25, 63)
(41, 58)
(63, 58)
(66, 59)
(56, 76)
(92, 127)
(24, 72)
(27, 78)
(17, 98)
(20, 119)
(56, 76)
(56, 76)
(56, 76)
(141, 46)
(44, 56)
(89, 73)
(56, 76)
(56, 76)
(19, 44)
(17, 31)
(118, 134)
(58, 70)
(73, 59)
(61, 24)
(66, 62)
(56, 76)
(25, 17)
(56, 76)
(20, 72)
(66, 20)
(41, 65)
(56, 76)
(74, 62)
(46, 61)
(51, 71)
(24, 27)
(27, 96)
(17, 34)
(26, 17)
(38, 63)
(36, 50)
(56, 76)
(17, 91)
(99, 174)
(56, 28)
(23, 28)
(29, 80)
(20, 74)
(70, 63)
(67, 60)
(56, 76)
(17, 54)
(72, 66)
(18, 38)
(114, 183)
(56, 76)
(44, 42)
(56, 76)
(53, 22)
(103, 76)
(86, 172)
(58, 22)
(57, 28)
(56, 76)
(153, 48)
(56, 76)
(32, 35)
(17, 91)
(53, 20)
(21, 20)
(57, 18)
(20, 40)
(25, 17)
(56, 76)
(19, 32)
(112, 50)
(27, 72)
(39, 173)
(33, 129)
(56, 76)
(64, 59)
(23, 75)
(72, 65)
(20, 77)
(56, 76)
(117, 56)
(56, 76)
(101, 56)
(56, 76)
(92, 64)
(29, 32)
(56, 22)
(70, 51)
(89, 149)
(64, 58)
(56, 76)
(34, 27)
(55, 19)
(67, 60)
(46, 168)
(56, 76)
(18, 87)
(56, 76)
(57, 71)
(41, 65)
(56, 76)
(113, 48)
(24, 22)
(90, 63)
(29, 19)
(56, 76)
(70, 56)
(44, 62)
(56, 76)
(101, 67)
(19, 126)
(56, 76)
(18, 31)
(35, 22)
(56, 76)
(53, 57)
(56, 76)
(18, 32)
(99, 167)
(25, 18)
(56, 76)
(98, 72)
(32, 164)
(67, 60)
(171, 28)
(56, 76)
(63, 58)
(56, 76)
(52, 18)
(41, 57)
(44, 68)
(56, 76)
(56, 76)
(17, 35)
(28, 63)
(56, 76)
(66, 19)
(56, 76)
(173, 163)
(25, 69)
(129, 50)
(17, 89)
(67, 60)
(56, 76)
(56, 76)
(22, 21)
(25, 72)
(27, 72)
(51, 26)
(164, 77)
(91, 72)
(28, 50)
(22, 99)
(65, 139)
(17, 68)
(68, 62)
(17, 30)
(26, 104)
(56, 76)
(56, 30)
(56, 76)
(21, 43)
(30, 19)
(17, 32)
(18, 41)
(45, 31)
(69, 62)
(56, 76)
(18, 162)
(36, 59)
(46, 20)
(48, 18)
(33, 25)
(21, 56)
(90, 64)
(24, 71)
(34, 55)
(90, 72)
(66, 60)
(58, 71)
(24, 74)
(56, 76)
(101, 73)
(56, 76)
(21, 147)
(94, 68)
(31, 46)
(91, 68)
(103, 77)
(43, 22)
(21, 61)
(63, 58)
(101, 73)
(17, 38)
(35, 47)
(68, 61)
(56, 76)
(56, 76)
(56, 76)
(66, 59)
(21, 142)
(56, 76)
(100, 66)
(36, 42)
(70, 63)
(41, 122)
(21, 72)
(42, 19)
(56, 76)
(65, 17)
(33, 80)
(40, 23)
(45, 60)
(61, 19)
(64, 59)
(25, 54)
(59, 28)
(50, 22)
(56, 76)
(48, 68)
(68, 61)
(25, 57)
(24, 46)
(22, 17)
(28, 40)
(49, 17)
(86, 69)
(91, 64)
